1.869771717338561956e+00
1.587025808639526359e+00
1.470466025085449324e+00
1.384654778614044179e+00
1.312767774238586371e+00
1.254778429641723703e+00
1.215558136243820142e+00
1.176283525381088158e+00
1.143667268495559775e+00
1.111572473621368351e+00
1.087795582447051990e+00
1.061741370983123822e+00
1.043322243175506703e+00
1.023022759475707977e+00
1.007359127807617272e+00
9.875197615242004012e-01
9.765556336593628206e-01
9.563023745107650520e-01
9.451655360984801968e-01
9.351830880308151794e-01
