1.935698140773773224e+00
1.628775792522430432e+00
1.500594049091339199e+00
1.418152647476196293e+00
1.356282573680877679e+00
1.310562847728729219e+00
1.271403762931823778e+00
1.235901835584640507e+00
1.210981717357635601e+00
1.187733330669403120e+00
1.164844262838363731e+00
1.143019659786224329e+00
1.126911712045669534e+00
1.113870128965377848e+00
1.094740053648948663e+00
1.081881757526397703e+00
1.072847861647605816e+00
1.059003153009414611e+00
1.052296156616211009e+00
1.039326211500167796e+00
