2.305900319824218947e+00
1.751134452934265173e+00
1.591469043025970365e+00
1.512884103775024469e+00
1.451321483650207522e+00
1.415266677303314236e+00
1.387813206272125344e+00
1.361325227203369126e+00
1.343201457891464168e+00
1.321906199703216656e+00
1.314995096321105894e+00
1.301629218301773028e+00
1.290998023233413727e+00
1.283515110931396475e+00
1.283341128292083688e+00
1.276673908863067641e+00
1.269942912788391221e+00
1.261956628322601359e+00
1.257879541902542142e+00
1.251136343545913743e+00
