1.450505729217529272e+01
1.450628576354980481e+01
1.450628576232910127e+01
1.450628575881957971e+01
1.450628576385498114e+01
1.450628575469970727e+01
1.450628576843261719e+01
1.450628576904296807e+01
1.450628575195312564e+01
1.450628576385498114e+01
1.450628575576782175e+01
1.450628575469970727e+01
1.450628576507568290e+01
1.450628576751708998e+01
1.450628576232910127e+01
1.450628576019287053e+01
1.450628576110839774e+01
1.450628576293945393e+01
1.450628576416015569e+01
1.450628575653076169e+01
1.450628576324462848e+01
1.450628577178955148e+01
1.450628576568603556e+01
1.450628575439453094e+01
1.450628576782226631e+01
1.450628576385498114e+01
1.450628576202392495e+01
1.450628577667236385e+01
1.450628576324462848e+01
1.450628577026367161e+01
1.450628576690673910e+01
1.450628576232910127e+01
1.450628576477050835e+01
1.450628576812744086e+01
1.450628575714111257e+01
1.450628576477050835e+01
1.450628577178955148e+01
1.450628577255248963e+01
1.450628575805663978e+01
1.450628576141357406e+01
1.450628576293945393e+01
1.450628576446533202e+01
1.450628576171875039e+01
1.450628576843261719e+01
1.450628576599121011e+01
1.450628575195312564e+01
1.450628576141357406e+01
1.450628575531005815e+01
1.450628576843261719e+01
1.450628576385498114e+01
