1.451042210906982355e+01
1.450628576141357406e+01
1.450628575500488360e+01
1.450628576934814440e+01
1.450628576202392495e+01
1.450628576019287053e+01
1.450628576049804686e+01
1.450628575500488360e+01
1.450628575317382740e+01
1.450628577056884794e+01
1.450628576873779352e+01
1.450628576080322318e+01
1.450628576538085923e+01
1.450628577148437515e+01
1.450628575714111257e+01
1.450628576751708998e+01
1.450628575775146523e+01
1.450628576080322318e+01
1.450628576660156277e+01
1.450628576858520447e+01
1.450628575897216876e+01
1.450628576416015569e+01
1.450628577056884794e+01
1.450628576385498114e+01
1.450628577026367161e+01
1.450628576110839774e+01
1.450628576263427760e+01
1.450628576080322318e+01
1.450628576934814440e+01
1.450628575592041081e+01
1.450628575897216876e+01
1.450628575317382740e+01
1.450628576599121011e+01
1.450628575683593802e+01
1.450628576385498114e+01
1.450628577026367161e+01
1.450628576812744086e+01
1.450628576354980481e+01
1.450628576293945393e+01
1.450628575012206944e+01
1.450628575653076169e+01
1.450628576049804686e+01
1.450628576019287053e+01
1.450628576995849528e+01
1.450628575592041081e+01
1.450628575103759843e+01
1.450628576171875039e+01
1.450628576843261719e+01
1.450628576721191365e+01
1.450628576599121011e+01
