1.450433875778198178e+01
1.450628576995849528e+01
1.450628576721191365e+01
1.450628576416015569e+01
1.450628576019287053e+01
1.450628576202392495e+01
1.450628576553344651e+01
1.450628575469970727e+01
1.450628576019287053e+01
1.450628575866699244e+01
1.450628576080322318e+01
1.450628575683593802e+01
1.450628576538085923e+01
1.450628576873779352e+01
1.450628576049804686e+01
1.450628576232910127e+01
1.450628576599121011e+01
1.450628576049804686e+01
1.450628576477050835e+01
1.450628576934814440e+01
1.450628576568603556e+01
1.450628576965332073e+01
1.450628576782226631e+01
1.450628576110839774e+01
1.450628575653076169e+01
1.450628575622558536e+01
1.450628576202392495e+01
1.450628575714111257e+01
1.450628576019287053e+01
1.450628576263427760e+01
1.450628576873779352e+01
1.450628576385498114e+01
1.450628576293945393e+01
1.450628575531005815e+01
1.450628576751708998e+01
1.450628576721191365e+01
1.450628576721191365e+01
1.450628575775146523e+01
1.450628575836181611e+01
1.450628575836181611e+01
1.450628576141357406e+01
1.450628576019287053e+01
1.450628575256347652e+01
1.450628575836181611e+01
1.450628576507568290e+01
1.450628575927734332e+01
1.450628576324462848e+01
1.450628576324462848e+01
1.450628576416015569e+01
1.450628576690673910e+01
