1.450641242584228507e+01
1.450628576263427760e+01
1.450628576110839774e+01
1.450628576385498114e+01
1.450628576904296807e+01
1.450628575378418006e+01
1.450628575714111257e+01
1.450628576293945393e+01
1.450628576721191365e+01
1.450628575958251965e+01
1.450628576477050835e+01
1.450628575134277298e+01
1.450628575988769597e+01
1.450628576293945393e+01
1.450628577056884794e+01
1.450628576232910127e+01
1.450628576110839774e+01
1.450628576751708998e+01
1.450628576110839774e+01
1.450628576354980481e+01
1.450628576660156277e+01
1.450628576141357406e+01
1.450628575622558536e+01
1.450628575866699244e+01
1.450628576812744086e+01
1.450628575958251965e+01
1.450628575927734332e+01
1.450628576324462848e+01
1.450628576446533202e+01
1.450628576354980481e+01
1.450628576416015569e+01
1.450628575866699244e+01
1.450628575988769597e+01
1.450628577178955148e+01
1.450628576446533202e+01
1.450628577453613310e+01
1.450628576904296807e+01
1.450628576751708998e+01
1.450628576629638644e+01
1.450628576873779352e+01
1.450628575042724577e+01
1.450628576263427760e+01
1.450628576446533202e+01
1.450628575683593802e+01
1.450628576721191365e+01
1.450628575531005815e+01
1.450628577239990236e+01
1.450628574859619135e+01
1.450628576568603556e+01
1.450628576904296807e+01
