1.908844701690673773e+00
1.590157172241210892e+00
1.467825978260040243e+00
1.381204891204834029e+00
1.321280240726470989e+00
1.274459449396133426e+00
1.235090479955673226e+00
1.210349149694442739e+00
1.182998611345291051e+00
1.158858939151763856e+00
1.140802782964706497e+00
1.130037180409431352e+00
1.116158856067657412e+00
1.098131787004470894e+00
1.090389817342758194e+00
1.080459838666915973e+00
1.066969133987426765e+00
1.061156419534683204e+00
1.049569166345596383e+00
1.049425843029022198e+00
