1.450386969482421939e+01
1.450628575958251965e+01
1.450628575744628890e+01
1.450628576354980481e+01
1.450628575744628890e+01
1.450628576995849528e+01
1.450628575408935461e+01
1.450628575653076169e+01
1.450628576019287053e+01
1.450628576477050835e+01
1.450628575317382740e+01
1.450628576324462848e+01
1.450628576751708998e+01
1.450628576416015569e+01
1.450628576812744086e+01
1.450628576019287053e+01
1.450628576019287053e+01
1.450628575134277298e+01
1.450628576141357406e+01
1.450628576446533202e+01
1.450628576751708998e+01
1.450628577575683664e+01
1.450628576019287053e+01
1.450628575866699244e+01
1.450628575927734332e+01
1.450628575561523448e+01
1.450628576171875039e+01
1.450628575805663978e+01
1.450628575317382740e+01
1.450628576477050835e+01
1.450628576995849528e+01
1.450628576690673910e+01
1.450628577423095678e+01
1.450628576293945393e+01
1.450628576232910127e+01
1.450628575714111257e+01
1.450628575897216876e+01
1.450628577239990236e+01
1.450628576507568290e+01
1.450628576965332073e+01
1.450628575775146523e+01
1.450628576065063413e+01
1.450628576293945393e+01
1.450628576416015569e+01
1.450628576629638644e+01
1.450628576141357406e+01
1.450628576171875039e+01
1.450628576568603556e+01
1.450628577453613310e+01
1.450628576690673910e+01
