1.450583171325683551e+01
1.450628576446533202e+01
1.450628575836181611e+01
1.450628576354980481e+01
1.450628575378418006e+01
1.450628575836181611e+01
1.450628576232910127e+01
1.450628576019287053e+01
1.450628575927734332e+01
1.450628576049804686e+01
1.450628575744628890e+01
1.450628575653076169e+01
1.450628576477050835e+01
1.450628575988769597e+01
1.450628575500488360e+01
1.450628576293945393e+01
1.450628576141357406e+01
1.450628575210571292e+01
1.450628575683593802e+01
1.450628575866699244e+01
1.450628575592041081e+01
1.450628576049804686e+01
1.450628575866699244e+01
1.450628576934814440e+01
1.450628575897216876e+01
1.450628576446533202e+01
1.450628576446533202e+01
1.450628576293945393e+01
1.450628575836181611e+01
1.450628576141357406e+01
1.450628576782226631e+01
1.450628576660156277e+01
1.450628576324462848e+01
1.450628576385498114e+01
1.450628576019287053e+01
1.450628575195312564e+01
1.450628576568603556e+01
1.450628575744628890e+01
1.450628576995849528e+01
1.450628575927734332e+01
1.450628576080322318e+01
1.450628576141357406e+01
1.450628575439453094e+01
1.450628576416015569e+01
1.450628577423095678e+01
1.450628575439453094e+01
1.450628576141357406e+01
1.450628575836181611e+01
1.450628577362060589e+01
1.450628575531005815e+01
