1.450517417694091726e+01
1.450628575866699244e+01
1.450628575866699244e+01
1.450628576232910127e+01
1.450628576446533202e+01
1.450628576568603556e+01
1.450628576751708998e+01
1.450628576385498114e+01
1.450628576568603556e+01
1.450628576873779352e+01
1.450628575927734332e+01
1.450628576446533202e+01
1.450628575592041081e+01
1.450628576110839774e+01
1.450628577239990236e+01
1.450628575683593802e+01
1.450628576019287053e+01
1.450628576477050835e+01
1.450628576965332073e+01
1.450628576019287053e+01
1.450628575408935461e+01
1.450628576553344651e+01
1.450628576446533202e+01
1.450628575347900373e+01
1.450628576049804686e+01
1.450628576202392495e+01
1.450628576354980481e+01
1.450628575958251965e+01
1.450628576324462848e+01
1.450628575775146523e+01
1.450628575988769597e+01
1.450628576385498114e+01
1.450628575592041081e+01
1.450628575683593802e+01
1.450628576416015569e+01
1.450628576171875039e+01
1.450628576751708998e+01
1.450628576019287053e+01
1.450628576263427760e+01
1.450628576721191365e+01
1.450628576782226631e+01
1.450628576904296807e+01
1.450628576721191365e+01
1.450628576202392495e+01
1.450628575408935461e+01
1.450628576324462848e+01
1.450628575836181611e+01
1.450628577545166031e+01
1.450628575622558536e+01
1.450628576507568290e+01
