1.450383891357421895e+01
1.450628575561523448e+01
1.450628576782226631e+01
1.450628575927734332e+01
1.450628575561523448e+01
1.450628576538085923e+01
1.450628575866699244e+01
1.450628576873779352e+01
1.450628576782226631e+01
1.450628576049804686e+01
1.450628576751708998e+01
1.450628576263427760e+01
1.450628576354980481e+01
1.450628575836181611e+01
1.450628576385498114e+01
1.450628575347900373e+01
1.450628576202392495e+01
1.450628576324462848e+01
1.450628576171875039e+01
1.450628575805663978e+01
1.450628576293945393e+01
1.450628576202392495e+01
1.450628576232910127e+01
1.450628576141357406e+01
1.450628575836181611e+01
1.450628576141357406e+01
1.450628576446533202e+01
1.450628576873779352e+01
1.450628575775146523e+01
1.450628576965332073e+01
1.450628575439453094e+01
1.450628576843261719e+01
1.450628575836181611e+01
1.450628575958251965e+01
1.450628576049804686e+01
1.450628576568603556e+01
1.450628575988769597e+01
1.450628576385498114e+01
1.450628575683593802e+01
1.450628575256347652e+01
1.450628576141357406e+01
1.450628576416015569e+01
1.450628576110839774e+01
1.450628576568603556e+01
1.450628576721191365e+01
1.450628575866699244e+01
1.450628576324462848e+01
1.450628575775146523e+01
1.450628576690673910e+01
1.450628576629638644e+01
