1.450758813446045004e+01
1.450628575744628890e+01
1.450628577056884794e+01
1.450628575988769597e+01
1.450628576293945393e+01
1.450628576599121011e+01
1.450628576049804686e+01
1.450628576293945393e+01
1.450628576568603556e+01
1.450628576019287053e+01
1.450628575988769597e+01
1.450628576232910127e+01
1.450628576248169033e+01
1.450628575561523448e+01
1.450628576965332073e+01
1.450628576049804686e+01
1.450628575347900373e+01
1.450628575958251965e+01
1.450628576202392495e+01
1.450628577056884794e+01
1.450628577026367161e+01
1.450628576568603556e+01
1.450628575836181611e+01
1.450628576263427760e+01
1.450628576385498114e+01
1.450628576019287053e+01
1.450628575927734332e+01
1.450628577178955148e+01
1.450628577331542957e+01
1.450628576324462848e+01
1.450628576690673910e+01
1.450628576202392495e+01
1.450628576293945393e+01
1.450628575653076169e+01
1.450628576843261719e+01
1.450628575744628890e+01
1.450628576202392495e+01
1.450628576354980481e+01
1.450628576385498114e+01
1.450628576080322318e+01
1.450628575897216876e+01
1.450628575805663978e+01
1.450628576660156277e+01
1.450628576477050835e+01
1.450628576446533202e+01
1.450628575408935461e+01
1.450628576171875039e+01
1.450628577087402427e+01
1.450628575958251965e+01
1.450628575988769597e+01
