1.956273189392089940e+00
1.657600900249481146e+00
1.519999574928283748e+00
1.421884970111847002e+00
1.342371533813476514e+00
1.278716249017715523e+00
1.231363014888763319e+00
1.188697510757446230e+00
1.153529311065673912e+00
1.121692416601181019e+00
1.100160968170166065e+00
1.074380041627883919e+00
1.054200370073318460e+00
1.034840399227142438e+00
1.012769075508117567e+00
9.981812824916839189e-01
9.804032892322540604e-01
9.678695691394806344e-01
9.511874051618576242e-01
9.365189208078384953e-01
9.238852120590209660e-01
9.098730661058426206e-01
8.965496808338164758e-01
8.857435812044143209e-01
8.790604137420654496e-01
8.685659506368637039e-01
8.552578364658355303e-01
8.471453129053115871e-01
8.395613059282303059e-01
8.312465198373794051e-01
8.208953480672835923e-01
8.169063447475433115e-01
8.118240815949440137e-01
8.070053518652915425e-01
7.949320940113067113e-01
7.889417161035537918e-01
7.834214211654663140e-01
7.780707638406753057e-01
7.732569051885604949e-01
7.690154665279388402e-01
7.654274421977996790e-01
7.622149365425109346e-01
7.558789751386641997e-01
7.499710138106345791e-01
7.455971288728714397e-01
7.458356631970405326e-01
7.381964053320885233e-01
7.303899693536758386e-01
7.344303500223159364e-01
7.243253922724723903e-01
