2.020496365737915134e+00
1.757112493934631425e+00
1.657443463153839058e+00
1.589023708190917983e+00
1.538104037361144982e+00
1.497076380386352490e+00
1.463884771995544343e+00
1.432111176853180012e+00
1.405855751018524114e+00
1.381029998855590746e+00
1.358360773143768352e+00
1.337746823596954293e+00
1.314188380565643355e+00
1.296173759117126512e+00
1.276084239883422899e+00
1.260143408470153714e+00
1.245007069168090785e+00
1.229425855922698929e+00
1.215143935813903786e+00
1.201114446563720684e+00
