1.474396641540527320e+01
1.474805700683593734e+01
1.474805710601806652e+01
1.474805702209472713e+01
1.474805698394775355e+01
1.474805706787109294e+01
1.474805696105956976e+01
1.474805708312988273e+01
1.474805698394775355e+01
1.474805698394775355e+01
1.474805703735351514e+01
1.474805712890625031e+01
1.474805713653564432e+01
1.474805710601806652e+01
1.474805709838867251e+01
1.474805707550048872e+01
1.474805715942382811e+01
1.474805700683593734e+01
1.474805704498291092e+01
1.474805707550048872e+01
