1.449565356445312503e+01
1.447404959106445332e+01
1.447404947662353436e+01
1.447404950714111393e+01
1.447404956817626953e+01
1.447404956817626953e+01
1.447404954528808574e+01
1.447404947662353436e+01
1.447404949951171815e+01
1.447404951477050794e+01
1.447404948425293014e+01
1.447404950714111393e+01
1.447404959106445332e+01
1.447404951477050794e+01
1.447404965209960892e+01
1.447404956817626953e+01
1.447404956817626953e+01
1.447404953002929773e+01
1.447404947662353436e+01
1.447404940032958898e+01
