9.979999999999999982e-02
1.049199999999999994e-01
1.054400000000000059e-01
1.059599999999999986e-01
1.056399999999999978e-01
1.041200000000000042e-01
1.059999999999999970e-01
1.073599999999999971e-01
1.072800000000000004e-01
1.075600000000000028e-01
1.070399999999999963e-01
1.063599999999999962e-01
1.069200000000000012e-01
1.072800000000000004e-01
1.084399999999999947e-01
1.071600000000000052e-01
1.068000000000000060e-01
1.076399999999999996e-01
1.059999999999999970e-01
1.072400000000000020e-01
1.069599999999999995e-01
1.059999999999999970e-01
1.057600000000000068e-01
1.088400000000000062e-01
1.068800000000000028e-01
1.088400000000000062e-01
1.092000000000000054e-01
1.064400000000000068e-01
1.067199999999999954e-01
1.063599999999999962e-01
1.071200000000000069e-01
1.082000000000000045e-01
1.108800000000000063e-01
1.068000000000000060e-01
1.083599999999999980e-01
1.086400000000000005e-01
1.054800000000000043e-01
1.106400000000000022e-01
1.083599999999999980e-01
1.106000000000000039e-01
1.072800000000000004e-01
1.097999999999999948e-01
1.076399999999999996e-01
1.091599999999999931e-01
1.080399999999999971e-01
1.100799999999999973e-01
1.067599999999999938e-01
1.099200000000000038e-01
1.100000000000000006e-01
1.092800000000000021e-01
1.076399999999999996e-01
1.063999999999999946e-01
1.082400000000000029e-01
1.078800000000000037e-01
1.095200000000000062e-01
1.083599999999999980e-01
1.092400000000000038e-01
1.088400000000000062e-01
1.091199999999999948e-01
1.111999999999999933e-01
1.075600000000000028e-01
1.108399999999999941e-01
1.102000000000000063e-01
1.087599999999999956e-01
1.082400000000000029e-01
1.103999999999999981e-01
1.078400000000000053e-01
1.073999999999999955e-01
1.102400000000000047e-01
1.077199999999999963e-01
1.085200000000000053e-01
1.092400000000000038e-01
1.069999999999999979e-01
1.106400000000000022e-01
1.084799999999999931e-01
1.082400000000000029e-01
1.083599999999999980e-01
1.107199999999999990e-01
1.097999999999999948e-01
1.089600000000000013e-01
1.077599999999999947e-01
1.094799999999999940e-01
1.075200000000000045e-01
1.088800000000000046e-01
1.099200000000000038e-01
1.064400000000000068e-01
1.089999999999999997e-01
1.076399999999999996e-01
1.087999999999999939e-01
1.088400000000000062e-01
1.086799999999999988e-01
1.089600000000000013e-01
1.076799999999999979e-01
1.080399999999999971e-01
1.086400000000000005e-01
1.103599999999999998e-01
1.085200000000000053e-01
1.093200000000000005e-01
1.081600000000000061e-01
1.090399999999999980e-01
1.108800000000000063e-01
1.086799999999999988e-01
1.093999999999999972e-01
1.079600000000000004e-01
1.082800000000000012e-01
1.100399999999999989e-01
1.096799999999999997e-01
1.090799999999999964e-01
1.083599999999999980e-01
1.094799999999999940e-01
1.093999999999999972e-01
1.085200000000000053e-01
1.103599999999999998e-01
1.069200000000000012e-01
1.094399999999999956e-01
1.104799999999999949e-01
1.104399999999999965e-01
1.087999999999999939e-01
1.083599999999999980e-01
1.094799999999999940e-01
1.078000000000000069e-01
1.073199999999999987e-01
1.078400000000000053e-01
1.080799999999999955e-01
1.093599999999999989e-01
1.098399999999999932e-01
1.124799999999999967e-01
1.103999999999999981e-01
1.079200000000000020e-01
1.086000000000000021e-01
1.098800000000000054e-01
1.084399999999999947e-01
1.080799999999999955e-01
1.098399999999999932e-01
1.087599999999999956e-01
1.103599999999999998e-01
1.106800000000000006e-01
1.093200000000000005e-01
1.104399999999999965e-01
1.094399999999999956e-01
1.102400000000000047e-01
1.072400000000000020e-01
1.085600000000000037e-01
1.086000000000000021e-01
1.103599999999999998e-01
1.089600000000000013e-01
1.087199999999999972e-01
1.093200000000000005e-01
1.067199999999999954e-01
1.100000000000000006e-01
1.060399999999999954e-01
1.097599999999999965e-01
1.124399999999999983e-01
1.088800000000000046e-01
1.100000000000000006e-01
1.091599999999999931e-01
1.100799999999999973e-01
1.100399999999999989e-01
1.093999999999999972e-01
1.086000000000000021e-01
1.075600000000000028e-01
1.096799999999999997e-01
1.092000000000000054e-01
1.076399999999999996e-01
1.110799999999999982e-01
1.089999999999999997e-01
1.098800000000000054e-01
1.107999999999999957e-01
1.103599999999999998e-01
1.097599999999999965e-01
1.083999999999999964e-01
1.082000000000000045e-01
1.097999999999999948e-01
1.083599999999999980e-01
1.107999999999999957e-01
1.087599999999999956e-01
1.103999999999999981e-01
1.092400000000000038e-01
1.102400000000000047e-01
1.106400000000000022e-01
1.111999999999999933e-01
1.096400000000000013e-01
1.083999999999999964e-01
1.096799999999999997e-01
1.133200000000000041e-01
1.095200000000000062e-01
1.097599999999999965e-01
1.087599999999999956e-01
1.098399999999999932e-01
1.092000000000000054e-01
1.095600000000000046e-01
1.087999999999999939e-01
1.088800000000000046e-01
1.092800000000000021e-01
1.084799999999999931e-01
1.090399999999999980e-01
1.082000000000000045e-01
1.078000000000000069e-01
1.103599999999999998e-01
1.101599999999999940e-01
1.122400000000000064e-01
1.108800000000000063e-01
1.095600000000000046e-01
1.082400000000000029e-01
1.102000000000000063e-01
1.088800000000000046e-01
1.084399999999999947e-01
1.090799999999999964e-01
1.090399999999999980e-01
1.111999999999999933e-01
1.094799999999999940e-01
1.102000000000000063e-01
1.102400000000000047e-01
1.111199999999999966e-01
1.108800000000000063e-01
1.094799999999999940e-01
1.067199999999999954e-01
1.078000000000000069e-01
1.080399999999999971e-01
1.082000000000000045e-01
1.081600000000000061e-01
1.085600000000000037e-01
1.113200000000000023e-01
1.084799999999999931e-01
1.089600000000000013e-01
1.106800000000000006e-01
1.097199999999999981e-01
1.097999999999999948e-01
1.097999999999999948e-01
1.086000000000000021e-01
1.088400000000000062e-01
1.092400000000000038e-01
1.094399999999999956e-01
1.095200000000000062e-01
1.110000000000000014e-01
1.105199999999999932e-01
1.092800000000000021e-01
1.125199999999999950e-01
1.094799999999999940e-01
1.072400000000000020e-01
1.073599999999999971e-01
1.087999999999999939e-01
1.090399999999999980e-01
1.088400000000000062e-01
1.092800000000000021e-01
1.072000000000000036e-01
1.109600000000000031e-01
1.080799999999999955e-01
1.104799999999999949e-01
1.096000000000000030e-01
1.102400000000000047e-01
1.111999999999999933e-01
1.095600000000000046e-01
1.126400000000000040e-01
1.103599999999999998e-01
1.113600000000000007e-01
1.104399999999999965e-01
1.094399999999999956e-01
1.084799999999999931e-01
1.105600000000000055e-01
1.117999999999999966e-01
1.102400000000000047e-01
1.090799999999999964e-01
1.083599999999999980e-01
1.102800000000000030e-01
1.103599999999999998e-01
1.096000000000000030e-01
1.112400000000000055e-01
1.082800000000000012e-01
1.086799999999999988e-01
1.103599999999999998e-01
1.081600000000000061e-01
1.096400000000000013e-01
1.113999999999999990e-01
1.096000000000000030e-01
1.080799999999999955e-01
1.091599999999999931e-01
1.107599999999999973e-01
1.115199999999999941e-01
1.084799999999999931e-01
1.088800000000000046e-01
1.097599999999999965e-01
1.093200000000000005e-01
1.082800000000000012e-01
1.119600000000000040e-01
1.079999999999999988e-01
1.106800000000000006e-01
1.093599999999999989e-01
1.096799999999999997e-01
1.105199999999999932e-01
1.085600000000000037e-01
1.115199999999999941e-01
1.084799999999999931e-01
1.096400000000000013e-01
1.102800000000000030e-01
1.102400000000000047e-01
1.086400000000000005e-01
1.075600000000000028e-01
1.101599999999999940e-01
1.112400000000000055e-01
1.095200000000000062e-01
1.112400000000000055e-01
1.104799999999999949e-01
1.101599999999999940e-01
1.100399999999999989e-01
1.112400000000000055e-01
1.089200000000000029e-01
1.099600000000000022e-01
1.103200000000000014e-01
1.101599999999999940e-01
1.089600000000000013e-01
1.085600000000000037e-01
1.113600000000000007e-01
1.075200000000000045e-01
1.126800000000000024e-01
1.097599999999999965e-01
1.101599999999999940e-01
1.093599999999999989e-01
1.104399999999999965e-01
1.111599999999999949e-01
1.091599999999999931e-01
1.100000000000000006e-01
1.116000000000000048e-01
1.103999999999999981e-01
1.065200000000000036e-01
1.097199999999999981e-01
1.094799999999999940e-01
1.100799999999999973e-01
1.113999999999999990e-01
1.100799999999999973e-01
1.107999999999999957e-01
1.119600000000000040e-01
1.092400000000000038e-01
1.102800000000000030e-01
1.094799999999999940e-01
1.108800000000000063e-01
1.095200000000000062e-01
1.092000000000000054e-01
1.107599999999999973e-01
1.103200000000000014e-01
1.099600000000000022e-01
1.111199999999999966e-01
1.103999999999999981e-01
1.117999999999999966e-01
1.082800000000000012e-01
1.103200000000000014e-01
1.079999999999999988e-01
1.100000000000000006e-01
1.092000000000000054e-01
1.094399999999999956e-01
1.102800000000000030e-01
1.100799999999999973e-01
1.087599999999999956e-01
1.087199999999999972e-01
1.085600000000000037e-01
1.089600000000000013e-01
1.085200000000000053e-01
1.108800000000000063e-01
1.107599999999999973e-01
1.103999999999999981e-01
1.111999999999999933e-01
1.102400000000000047e-01
1.092400000000000038e-01
1.107599999999999973e-01
1.109200000000000047e-01
1.092000000000000054e-01
1.095200000000000062e-01
1.078800000000000037e-01
1.082400000000000029e-01
1.096400000000000013e-01
1.104399999999999965e-01
1.099200000000000038e-01
1.113200000000000023e-01
1.093200000000000005e-01
1.092400000000000038e-01
1.106800000000000006e-01
1.094399999999999956e-01
1.095600000000000046e-01
1.090799999999999964e-01
1.114399999999999974e-01
1.106400000000000022e-01
1.093200000000000005e-01
1.089600000000000013e-01
1.095200000000000062e-01
1.094399999999999956e-01
1.089999999999999997e-01
1.106400000000000022e-01
1.116000000000000048e-01
1.110799999999999982e-01
1.090399999999999980e-01
1.117999999999999966e-01
1.081600000000000061e-01
1.105600000000000055e-01
1.092000000000000054e-01
1.084799999999999931e-01
1.106800000000000006e-01
1.093599999999999989e-01
1.100799999999999973e-01
1.084799999999999931e-01
1.116000000000000048e-01
1.116400000000000031e-01
1.114799999999999958e-01
1.093999999999999972e-01
1.093200000000000005e-01
1.123600000000000015e-01
1.088800000000000046e-01
1.115199999999999941e-01
1.118399999999999950e-01
1.095600000000000046e-01
1.124799999999999967e-01
1.091199999999999948e-01
1.102800000000000030e-01
1.105199999999999932e-01
1.107999999999999957e-01
1.112400000000000055e-01
1.117199999999999999e-01
1.105199999999999932e-01
1.104799999999999949e-01
1.094399999999999956e-01
1.092400000000000038e-01
1.106800000000000006e-01
1.098399999999999932e-01
1.144400000000000001e-01
1.097599999999999965e-01
1.118399999999999950e-01
1.110399999999999998e-01
1.123999999999999999e-01
1.096799999999999997e-01
1.105199999999999932e-01
1.106000000000000039e-01
1.089999999999999997e-01
1.096000000000000030e-01
1.097999999999999948e-01
1.105199999999999932e-01
1.093999999999999972e-01
1.108399999999999941e-01
1.115600000000000064e-01
1.100799999999999973e-01
1.132399999999999934e-01
1.117999999999999966e-01
1.106000000000000039e-01
1.117599999999999982e-01
1.093999999999999972e-01
1.098800000000000054e-01
1.084799999999999931e-01
1.087199999999999972e-01
1.112800000000000039e-01
1.105199999999999932e-01
1.097999999999999948e-01
1.114799999999999958e-01
1.074800000000000061e-01
1.117199999999999999e-01
1.063999999999999946e-01
1.093999999999999972e-01
1.092000000000000054e-01
1.097199999999999981e-01
1.111199999999999966e-01
1.100799999999999973e-01
1.086400000000000005e-01
1.110000000000000014e-01
1.099600000000000022e-01
1.107999999999999957e-01
1.097999999999999948e-01
1.105199999999999932e-01
1.083199999999999996e-01
1.112800000000000039e-01
1.100399999999999989e-01
1.100799999999999973e-01
1.095200000000000062e-01
1.106000000000000039e-01
1.090799999999999964e-01
1.119200000000000056e-01
1.087599999999999956e-01
1.113600000000000007e-01
1.097599999999999965e-01
1.080399999999999971e-01
1.091199999999999948e-01
1.088400000000000062e-01
1.113200000000000023e-01
1.095600000000000046e-01
1.115199999999999941e-01
1.107999999999999957e-01
1.092000000000000054e-01
1.097599999999999965e-01
1.096000000000000030e-01
1.125599999999999934e-01
1.108800000000000063e-01
1.114399999999999974e-01
1.089999999999999997e-01
1.102800000000000030e-01
1.111599999999999949e-01
1.085200000000000053e-01
1.108800000000000063e-01
1.114399999999999974e-01
1.116800000000000015e-01
1.103200000000000014e-01
1.096799999999999997e-01
1.082400000000000029e-01
1.102400000000000047e-01
1.109200000000000047e-01
