1.032799999999999968e-01
1.096799999999999997e-01
1.111599999999999949e-01
1.121999999999999942e-01
1.108399999999999941e-01
1.124799999999999967e-01
1.134799999999999975e-01
1.164000000000000035e-01
1.142399999999999943e-01
1.155999999999999944e-01
1.138799999999999951e-01
1.122400000000000064e-01
1.132399999999999934e-01
1.139199999999999935e-01
1.135199999999999959e-01
1.159599999999999936e-01
1.151599999999999985e-01
1.160000000000000059e-01
1.149600000000000066e-01
1.171600000000000003e-01
1.157200000000000034e-01
1.151200000000000001e-01
1.158000000000000002e-01
1.147200000000000025e-01
1.188799999999999996e-01
1.155999999999999944e-01
1.147200000000000025e-01
1.179199999999999970e-01
1.144799999999999984e-01
1.158399999999999985e-01
1.156800000000000050e-01
1.151200000000000001e-01
1.136000000000000065e-01
1.141199999999999992e-01
1.169599999999999945e-01
1.165599999999999969e-01
1.168000000000000010e-01
1.169199999999999962e-01
1.176800000000000068e-01
1.181600000000000011e-01
1.175599999999999978e-01
1.165999999999999953e-01
1.160000000000000059e-01
1.158799999999999969e-01
1.178799999999999987e-01
1.180400000000000060e-01
1.169199999999999962e-01
1.152399999999999952e-01
1.157200000000000034e-01
1.175199999999999995e-01
1.195200000000000012e-01
1.177600000000000036e-01
1.165199999999999986e-01
1.160400000000000043e-01
1.167200000000000043e-01
1.163600000000000051e-01
1.179999999999999938e-01
1.185200000000000004e-01
1.145199999999999968e-01
1.184800000000000020e-01
1.169599999999999945e-01
1.156800000000000050e-01
1.179199999999999970e-01
1.190800000000000053e-01
1.194800000000000029e-01
1.165599999999999969e-01
1.163600000000000051e-01
1.184400000000000036e-01
1.163600000000000051e-01
1.187600000000000044e-01
1.166800000000000059e-01
1.170800000000000035e-01
1.177200000000000052e-01
1.175599999999999978e-01
1.194400000000000045e-01
1.203599999999999948e-01
1.166800000000000059e-01
1.171200000000000019e-01
1.175599999999999978e-01
1.182399999999999979e-01
1.189199999999999979e-01
1.162799999999999945e-01
1.174800000000000011e-01
1.137200000000000016e-01
1.173199999999999937e-01
1.169599999999999945e-01
1.192799999999999971e-01
1.191600000000000020e-01
1.174800000000000011e-01
1.165999999999999953e-01
1.167200000000000043e-01
1.165599999999999969e-01
1.157200000000000034e-01
1.181600000000000011e-01
1.170000000000000068e-01
1.195999999999999980e-01
1.174800000000000011e-01
1.185200000000000004e-01
1.174000000000000044e-01
1.209599999999999981e-01
1.169199999999999962e-01
1.179599999999999954e-01
1.198000000000000037e-01
1.168799999999999978e-01
1.143200000000000049e-01
1.182399999999999979e-01
1.174800000000000011e-01
1.198400000000000021e-01
1.174400000000000027e-01
1.155999999999999944e-01
1.183199999999999946e-01
1.180800000000000044e-01
1.165599999999999969e-01
1.165199999999999986e-01
1.170400000000000051e-01
1.166800000000000059e-01
1.183600000000000069e-01
1.176399999999999946e-01
1.191600000000000020e-01
1.199599999999999972e-01
1.201600000000000029e-01
1.185200000000000004e-01
1.183199999999999946e-01
1.174800000000000011e-01
1.169599999999999945e-01
1.154799999999999993e-01
1.185599999999999987e-01
1.178400000000000003e-01
1.208000000000000046e-01
1.190400000000000069e-01
1.188400000000000012e-01
1.166800000000000059e-01
1.186799999999999938e-01
1.180800000000000044e-01
1.194800000000000029e-01
1.179199999999999970e-01
1.183600000000000069e-01
1.192000000000000004e-01
1.168000000000000010e-01
1.159599999999999936e-01
1.189999999999999947e-01
1.161200000000000010e-01
1.164000000000000035e-01
1.181600000000000011e-01
1.174000000000000044e-01
1.181999999999999995e-01
1.185599999999999987e-01
1.166800000000000059e-01
1.188799999999999996e-01
1.159599999999999936e-01
1.170000000000000068e-01
1.171999999999999986e-01
1.179599999999999954e-01
1.172399999999999970e-01
1.166399999999999937e-01
1.169599999999999945e-01
1.168799999999999978e-01
1.187600000000000044e-01
1.153600000000000042e-01
1.166399999999999937e-01
1.185999999999999971e-01
1.202399999999999997e-01
1.205999999999999989e-01
1.159599999999999936e-01
1.184400000000000036e-01
1.148799999999999960e-01
1.156400000000000067e-01
1.183199999999999946e-01
1.180800000000000044e-01
1.181600000000000011e-01
1.178000000000000019e-01
1.168399999999999994e-01
1.204400000000000054e-01
1.193199999999999955e-01
1.154799999999999993e-01
1.202799999999999980e-01
1.206399999999999972e-01
1.165999999999999953e-01
1.171999999999999986e-01
1.167200000000000043e-01
1.194800000000000029e-01
1.193199999999999955e-01
1.176399999999999946e-01
1.199599999999999972e-01
1.187200000000000061e-01
1.175599999999999978e-01
1.179199999999999970e-01
1.187200000000000061e-01
1.192799999999999971e-01
1.171600000000000003e-01
1.195999999999999980e-01
1.196399999999999963e-01
1.174000000000000044e-01
1.194800000000000029e-01
1.191200000000000037e-01
1.184000000000000052e-01
1.195999999999999980e-01
1.184000000000000052e-01
1.198800000000000004e-01
1.169599999999999945e-01
1.206799999999999956e-01
1.161999999999999977e-01
1.198400000000000021e-01
1.188799999999999996e-01
1.175599999999999978e-01
1.185599999999999987e-01
1.167600000000000027e-01
1.194400000000000045e-01
1.169199999999999962e-01
1.181999999999999995e-01
1.160800000000000026e-01
1.199199999999999988e-01
1.174800000000000011e-01
1.185200000000000004e-01
1.177200000000000052e-01
1.186399999999999955e-01
1.188799999999999996e-01
1.194000000000000061e-01
1.182799999999999963e-01
1.184000000000000052e-01
1.212000000000000022e-01
1.202000000000000013e-01
1.183199999999999946e-01
1.199999999999999956e-01
1.209199999999999997e-01
1.184400000000000036e-01
1.184800000000000020e-01
1.192399999999999988e-01
1.193199999999999955e-01
1.177200000000000052e-01
1.183199999999999946e-01
1.179999999999999938e-01
1.205600000000000005e-01
1.178799999999999987e-01
1.170800000000000035e-01
1.178000000000000019e-01
1.203999999999999931e-01
1.201200000000000045e-01
1.172399999999999970e-01
1.187200000000000061e-01
1.186799999999999938e-01
1.171200000000000019e-01
1.165999999999999953e-01
1.183600000000000069e-01
1.184400000000000036e-01
1.174000000000000044e-01
1.191600000000000020e-01
1.196399999999999963e-01
1.182399999999999979e-01
1.174000000000000044e-01
1.213199999999999973e-01
1.192399999999999988e-01
1.183600000000000069e-01
1.192399999999999988e-01
1.219200000000000006e-01
1.194400000000000045e-01
1.179199999999999970e-01
1.187200000000000061e-01
1.198000000000000037e-01
1.173600000000000060e-01
1.196399999999999963e-01
1.183600000000000069e-01
1.195599999999999996e-01
1.185999999999999971e-01
1.198000000000000037e-01
1.202000000000000013e-01
1.206799999999999956e-01
1.181600000000000011e-01
1.183600000000000069e-01
1.185599999999999987e-01
1.193199999999999955e-01
1.176800000000000068e-01
1.182799999999999963e-01
1.191600000000000020e-01
1.214400000000000063e-01
1.215600000000000014e-01
1.201600000000000029e-01
1.180400000000000060e-01
1.181600000000000011e-01
1.182399999999999979e-01
1.197600000000000053e-01
1.199599999999999972e-01
1.201200000000000045e-01
1.188000000000000028e-01
1.200800000000000062e-01
1.178000000000000019e-01
1.192000000000000004e-01
1.199199999999999988e-01
1.195599999999999996e-01
1.207199999999999940e-01
1.202000000000000013e-01
1.185599999999999987e-01
1.178799999999999987e-01
1.188400000000000012e-01
1.180800000000000044e-01
1.212799999999999989e-01
1.203999999999999931e-01
1.181600000000000011e-01
1.184000000000000052e-01
1.212400000000000005e-01
1.196399999999999963e-01
1.208400000000000030e-01
1.187200000000000061e-01
1.180400000000000060e-01
1.207600000000000062e-01
1.177600000000000036e-01
1.201600000000000029e-01
1.192399999999999988e-01
1.192799999999999971e-01
1.192000000000000004e-01
1.168399999999999994e-01
1.185599999999999987e-01
1.206799999999999956e-01
1.191600000000000020e-01
1.194400000000000045e-01
1.191200000000000037e-01
1.179599999999999954e-01
1.175999999999999962e-01
1.201200000000000045e-01
1.184800000000000020e-01
1.168799999999999978e-01
1.191200000000000037e-01
1.199199999999999988e-01
1.203599999999999948e-01
1.180400000000000060e-01
1.182399999999999979e-01
1.183199999999999946e-01
1.189599999999999963e-01
1.186799999999999938e-01
1.193599999999999939e-01
1.185999999999999971e-01
1.198400000000000021e-01
1.182399999999999979e-01
1.179999999999999938e-01
1.202799999999999980e-01
1.193199999999999955e-01
1.179599999999999954e-01
1.197600000000000053e-01
1.190800000000000053e-01
1.196799999999999947e-01
1.213199999999999973e-01
1.195599999999999996e-01
1.205999999999999989e-01
1.183199999999999946e-01
1.208400000000000030e-01
1.198800000000000004e-01
1.178000000000000019e-01
1.194800000000000029e-01
1.205600000000000005e-01
1.201600000000000029e-01
1.191200000000000037e-01
1.174400000000000027e-01
1.183600000000000069e-01
1.195999999999999980e-01
1.177600000000000036e-01
1.188400000000000012e-01
1.195200000000000012e-01
1.223199999999999982e-01
1.183199999999999946e-01
1.174000000000000044e-01
1.186799999999999938e-01
1.179599999999999954e-01
1.199199999999999988e-01
1.188799999999999996e-01
1.193199999999999955e-01
1.231199999999999933e-01
1.209199999999999997e-01
1.209599999999999981e-01
1.184000000000000052e-01
1.203599999999999948e-01
1.187600000000000044e-01
1.188000000000000028e-01
1.184800000000000020e-01
1.185999999999999971e-01
1.207199999999999940e-01
1.186799999999999938e-01
1.206799999999999956e-01
1.192399999999999988e-01
1.212400000000000005e-01
1.193199999999999955e-01
1.206799999999999956e-01
1.199999999999999956e-01
1.199199999999999988e-01
1.182399999999999979e-01
1.187200000000000061e-01
1.190400000000000069e-01
1.181600000000000011e-01
1.200399999999999939e-01
1.179999999999999938e-01
1.184000000000000052e-01
1.216799999999999965e-01
1.174400000000000027e-01
1.181999999999999995e-01
1.184000000000000052e-01
1.190400000000000069e-01
1.179999999999999938e-01
1.197199999999999931e-01
1.188400000000000012e-01
1.176800000000000068e-01
1.181600000000000011e-01
1.185599999999999987e-01
1.186399999999999955e-01
1.181600000000000011e-01
1.187200000000000061e-01
1.226399999999999990e-01
1.194400000000000045e-01
1.191200000000000037e-01
1.195599999999999996e-01
1.221600000000000047e-01
1.202000000000000013e-01
1.191600000000000020e-01
1.196799999999999947e-01
1.194800000000000029e-01
1.210399999999999948e-01
1.179199999999999970e-01
1.189999999999999947e-01
1.198000000000000037e-01
1.198000000000000037e-01
1.190800000000000053e-01
1.212799999999999989e-01
1.194800000000000029e-01
1.188400000000000012e-01
1.191200000000000037e-01
1.184400000000000036e-01
1.183600000000000069e-01
1.195200000000000012e-01
1.184800000000000020e-01
1.204800000000000038e-01
1.172399999999999970e-01
1.197199999999999931e-01
1.222799999999999998e-01
1.198000000000000037e-01
1.187200000000000061e-01
1.212000000000000022e-01
1.197199999999999931e-01
1.182799999999999963e-01
1.212400000000000005e-01
1.192799999999999971e-01
1.213999999999999940e-01
1.190800000000000053e-01
1.210399999999999948e-01
1.201600000000000029e-01
1.221600000000000047e-01
1.188799999999999996e-01
1.177200000000000052e-01
1.194400000000000045e-01
1.209599999999999981e-01
1.190400000000000069e-01
1.192399999999999988e-01
1.237599999999999950e-01
1.190400000000000069e-01
1.192000000000000004e-01
1.196399999999999963e-01
1.178799999999999987e-01
1.215600000000000014e-01
1.185599999999999987e-01
1.218800000000000022e-01
1.185200000000000004e-01
1.158799999999999969e-01
1.183600000000000069e-01
1.183600000000000069e-01
1.204800000000000038e-01
1.230399999999999966e-01
1.188799999999999996e-01
1.199599999999999972e-01
1.196399999999999963e-01
1.191200000000000037e-01
1.186799999999999938e-01
1.194000000000000061e-01
1.207600000000000062e-01
1.197600000000000053e-01
1.205600000000000005e-01
1.188799999999999996e-01
1.187600000000000044e-01
1.198800000000000004e-01
1.184400000000000036e-01
1.195599999999999996e-01
1.182399999999999979e-01
1.186399999999999955e-01
1.171200000000000019e-01
1.191600000000000020e-01
1.167200000000000043e-01
1.171999999999999986e-01
1.193599999999999939e-01
1.216399999999999981e-01
1.192799999999999971e-01
1.187200000000000061e-01
1.185200000000000004e-01
1.180800000000000044e-01
1.198400000000000021e-01
1.209999999999999964e-01
1.195999999999999980e-01
1.181200000000000028e-01
1.226799999999999974e-01
1.174400000000000027e-01
1.181600000000000011e-01
1.185200000000000004e-01
1.181999999999999995e-01
1.203199999999999964e-01
1.188400000000000012e-01
