1.005999999999999950e-01
1.189000000000000057e-01
1.215999999999999998e-01
1.275000000000000022e-01
1.224999999999999978e-01
1.228999999999999954e-01
1.298999999999999877e-01
1.333000000000000018e-01
1.287000000000000088e-01
1.292999999999999983e-01
1.285000000000000031e-01
1.325000000000000067e-01
1.315999999999999948e-01
1.322000000000000119e-01
1.297999999999999987e-01
1.298999999999999877e-01
1.300000000000000044e-01
1.297000000000000097e-01
1.333000000000000018e-01
1.348999999999999921e-01
1.328999999999999904e-01
1.340000000000000080e-01
1.313000000000000000e-01
1.340999999999999970e-01
1.363000000000000045e-01
1.313999999999999890e-01
1.297999999999999987e-01
1.363999999999999935e-01
1.358000000000000040e-01
1.345000000000000084e-01
1.335999999999999965e-01
1.395000000000000129e-01
1.343000000000000027e-01
1.346999999999999864e-01
1.370000000000000107e-01
1.323000000000000009e-01
1.355000000000000093e-01
1.337000000000000133e-01
1.368000000000000049e-01
1.370000000000000107e-01
1.376000000000000001e-01
1.360000000000000098e-01
1.365000000000000102e-01
1.393000000000000071e-01
1.356999999999999873e-01
1.381000000000000005e-01
1.381999999999999895e-01
1.381999999999999895e-01
1.345000000000000084e-01
1.356999999999999873e-01
1.350000000000000089e-01
1.393000000000000071e-01
1.376000000000000001e-01
1.381000000000000005e-01
1.360000000000000098e-01
1.373000000000000054e-01
1.346999999999999864e-01
1.381000000000000005e-01
1.376999999999999891e-01
1.355000000000000093e-01
1.378000000000000058e-01
1.388000000000000067e-01
1.366999999999999882e-01
1.356999999999999873e-01
1.340000000000000080e-01
1.388999999999999957e-01
1.380000000000000115e-01
1.383999999999999952e-01
1.401999999999999913e-01
1.400000000000000133e-01
1.409999999999999865e-01
1.401999999999999913e-01
1.400000000000000133e-01
1.408000000000000085e-01
1.368999999999999939e-01
1.388999999999999957e-01
1.413000000000000089e-01
1.401000000000000023e-01
1.406000000000000028e-01
1.449999999999999900e-01
1.409999999999999865e-01
1.385000000000000120e-01
1.413000000000000089e-01
1.393000000000000071e-01
1.429999999999999882e-01
1.408000000000000085e-01
1.408000000000000085e-01
1.393999999999999961e-01
1.396999999999999909e-01
1.431000000000000050e-01
1.378000000000000058e-01
1.386999999999999900e-01
1.400000000000000133e-01
1.385000000000000120e-01
1.408000000000000085e-01
1.391999999999999904e-01
1.406999999999999917e-01
1.398999999999999966e-01
1.428000000000000103e-01
1.409999999999999865e-01
1.386999999999999900e-01
1.416999999999999926e-01
1.390000000000000124e-01
1.431999999999999940e-01
1.413999999999999979e-01
1.403000000000000080e-01
1.393999999999999961e-01
1.393000000000000071e-01
1.421999999999999931e-01
1.398000000000000076e-01
1.380000000000000115e-01
1.438000000000000111e-01
1.411000000000000032e-01
1.416000000000000036e-01
1.398000000000000076e-01
1.400000000000000133e-01
1.453000000000000125e-01
1.409999999999999865e-01
1.411000000000000032e-01
1.439999999999999891e-01
1.398999999999999966e-01
1.408999999999999975e-01
1.477999999999999869e-01
1.421999999999999931e-01
1.396000000000000019e-01
1.416999999999999926e-01
1.400000000000000133e-01
1.423000000000000098e-01
1.433999999999999997e-01
1.431000000000000050e-01
1.466999999999999971e-01
1.433000000000000107e-01
1.388000000000000067e-01
1.416000000000000036e-01
1.424999999999999878e-01
1.416000000000000036e-01
1.408999999999999975e-01
1.428000000000000103e-01
1.413999999999999979e-01
1.423000000000000098e-01
1.456000000000000072e-01
1.439000000000000001e-01
1.416999999999999926e-01
1.408000000000000085e-01
1.454000000000000015e-01
1.418999999999999984e-01
1.390000000000000124e-01
1.405000000000000138e-01
1.411999999999999922e-01
1.408000000000000085e-01
1.428000000000000103e-01
1.423999999999999988e-01
1.418000000000000094e-01
1.421000000000000041e-01
1.428000000000000103e-01
1.375000000000000111e-01
1.401000000000000023e-01
1.434999999999999887e-01
1.448000000000000120e-01
1.436999999999999944e-01
1.428999999999999992e-01
1.421999999999999931e-01
1.413999999999999979e-01
1.454999999999999905e-01
1.418999999999999984e-01
1.408000000000000085e-01
1.413999999999999979e-01
1.456000000000000072e-01
1.464999999999999913e-01
1.414999999999999869e-01
1.441000000000000059e-01
1.456000000000000072e-01
1.438000000000000111e-01
1.449999999999999900e-01
1.411000000000000032e-01
1.408999999999999975e-01
1.444999999999999896e-01
1.426000000000000045e-01
1.431000000000000050e-01
1.441000000000000059e-01
1.418000000000000094e-01
1.418999999999999984e-01
1.453000000000000125e-01
1.421999999999999931e-01
1.449999999999999900e-01
1.451000000000000068e-01
1.453000000000000125e-01
1.444999999999999896e-01
1.423000000000000098e-01
1.451999999999999957e-01
1.439000000000000001e-01
1.436000000000000054e-01
1.454000000000000015e-01
1.414999999999999869e-01
1.461000000000000076e-01
1.439999999999999891e-01
1.454999999999999905e-01
1.436000000000000054e-01
1.443000000000000116e-01
1.421000000000000041e-01
1.434999999999999887e-01
1.449999999999999900e-01
1.476000000000000090e-01
1.456999999999999962e-01
1.439000000000000001e-01
1.468000000000000138e-01
1.403000000000000080e-01
1.418999999999999984e-01
1.448000000000000120e-01
1.466000000000000081e-01
1.406000000000000028e-01
1.444000000000000006e-01
1.431999999999999940e-01
1.413000000000000089e-01
1.413999999999999979e-01
1.406999999999999917e-01
1.449000000000000010e-01
1.454999999999999905e-01
1.476999999999999980e-01
1.411000000000000032e-01
1.454000000000000015e-01
1.443000000000000116e-01
1.489000000000000046e-01
1.429999999999999882e-01
1.439999999999999891e-01
1.429999999999999882e-01
1.476999999999999980e-01
1.441999999999999948e-01
1.463000000000000134e-01
1.428999999999999992e-01
1.469999999999999918e-01
1.472999999999999865e-01
1.444000000000000006e-01
1.403000000000000080e-01
1.456000000000000072e-01
1.471000000000000085e-01
1.461000000000000076e-01
1.456999999999999962e-01
1.428999999999999992e-01
1.476999999999999980e-01
1.441999999999999948e-01
1.423000000000000098e-01
1.454000000000000015e-01
1.451000000000000068e-01
1.459999999999999909e-01
1.446999999999999953e-01
1.444999999999999896e-01
1.461000000000000076e-01
1.456000000000000072e-01
1.464999999999999913e-01
1.428999999999999992e-01
1.471999999999999975e-01
1.444999999999999896e-01
1.434999999999999887e-01
1.484999999999999931e-01
1.433999999999999997e-01
1.453000000000000125e-01
1.466000000000000081e-01
1.429999999999999882e-01
1.423000000000000098e-01
1.434999999999999887e-01
1.476999999999999980e-01
1.429999999999999882e-01
1.443000000000000116e-01
1.444000000000000006e-01
1.449999999999999900e-01
1.441000000000000059e-01
1.454000000000000015e-01
1.494000000000000050e-01
1.446999999999999953e-01
1.438000000000000111e-01
1.456999999999999962e-01
1.474000000000000032e-01
1.479000000000000037e-01
1.438000000000000111e-01
1.454999999999999905e-01
1.474999999999999922e-01
1.446000000000000063e-01
1.446999999999999953e-01
1.459999999999999909e-01
1.448000000000000120e-01
1.456000000000000072e-01
1.446000000000000063e-01
1.484000000000000041e-01
1.466999999999999971e-01
1.454999999999999905e-01
1.484000000000000041e-01
1.444999999999999896e-01
1.466999999999999971e-01
1.474999999999999922e-01
1.486999999999999988e-01
1.443000000000000116e-01
1.476000000000000090e-01
1.471000000000000085e-01
1.464000000000000024e-01
1.439999999999999891e-01
1.472999999999999865e-01
1.439999999999999891e-01
1.446000000000000063e-01
1.464999999999999913e-01
1.489000000000000046e-01
1.426000000000000045e-01
1.479999999999999927e-01
1.489999999999999936e-01
1.463000000000000134e-01
1.449000000000000010e-01
1.449000000000000010e-01
1.449000000000000010e-01
1.484000000000000041e-01
1.474000000000000032e-01
1.469000000000000028e-01
1.429999999999999882e-01
1.476000000000000090e-01
1.469000000000000028e-01
1.454000000000000015e-01
1.474999999999999922e-01
1.438000000000000111e-01
1.469999999999999918e-01
1.464999999999999913e-01
1.429999999999999882e-01
1.471999999999999975e-01
1.458000000000000129e-01
1.443000000000000116e-01
1.444999999999999896e-01
1.449999999999999900e-01
1.466000000000000081e-01
1.463000000000000134e-01
1.456999999999999962e-01
1.491000000000000103e-01
1.474000000000000032e-01
1.456999999999999962e-01
1.481000000000000094e-01
1.512000000000000011e-01
1.459000000000000019e-01
1.472999999999999865e-01
1.461000000000000076e-01
1.461999999999999966e-01
1.446000000000000063e-01
1.448000000000000120e-01
1.494000000000000050e-01
1.454000000000000015e-01
1.474999999999999922e-01
1.468000000000000138e-01
1.446000000000000063e-01
1.416000000000000036e-01
1.454999999999999905e-01
1.438000000000000111e-01
1.449999999999999900e-01
1.466000000000000081e-01
1.439000000000000001e-01
1.456999999999999962e-01
1.466000000000000081e-01
1.449000000000000010e-01
1.454000000000000015e-01
1.449000000000000010e-01
1.468000000000000138e-01
1.474000000000000032e-01
1.466000000000000081e-01
1.471999999999999975e-01
1.449999999999999900e-01
1.476000000000000090e-01
1.436999999999999944e-01
1.484000000000000041e-01
1.491999999999999993e-01
1.476999999999999980e-01
1.464999999999999913e-01
1.472999999999999865e-01
1.453000000000000125e-01
1.506000000000000116e-01
1.481000000000000094e-01
1.489999999999999936e-01
1.482999999999999874e-01
1.514999999999999958e-01
1.464000000000000024e-01
1.471999999999999975e-01
1.463000000000000134e-01
1.471000000000000085e-01
1.443000000000000116e-01
1.441000000000000059e-01
1.451999999999999957e-01
1.476000000000000090e-01
1.449999999999999900e-01
1.468000000000000138e-01
1.482999999999999874e-01
1.489999999999999936e-01
1.471000000000000085e-01
1.466000000000000081e-01
1.441999999999999948e-01
1.448000000000000120e-01
1.444000000000000006e-01
1.491000000000000103e-01
1.479999999999999927e-01
1.471999999999999975e-01
1.496000000000000107e-01
1.499999999999999944e-01
1.496000000000000107e-01
1.469999999999999918e-01
1.481000000000000094e-01
1.446000000000000063e-01
1.491999999999999993e-01
1.454000000000000015e-01
1.451999999999999957e-01
1.453000000000000125e-01
1.439000000000000001e-01
1.479999999999999927e-01
1.469000000000000028e-01
1.464000000000000024e-01
1.494999999999999940e-01
1.453000000000000125e-01
1.501000000000000112e-01
1.444999999999999896e-01
1.501000000000000112e-01
1.481000000000000094e-01
1.484999999999999931e-01
1.466000000000000081e-01
1.466000000000000081e-01
1.519999999999999962e-01
1.476999999999999980e-01
1.466000000000000081e-01
1.491000000000000103e-01
1.466000000000000081e-01
1.476999999999999980e-01
1.499000000000000055e-01
1.446000000000000063e-01
1.471000000000000085e-01
1.466999999999999971e-01
1.466000000000000081e-01
1.444000000000000006e-01
1.481000000000000094e-01
1.497999999999999887e-01
1.459000000000000019e-01
1.484000000000000041e-01
1.463000000000000134e-01
1.453000000000000125e-01
1.484000000000000041e-01
1.479999999999999927e-01
1.472999999999999865e-01
1.477999999999999869e-01
1.496000000000000107e-01
1.494000000000000050e-01
1.489000000000000046e-01
1.489000000000000046e-01
1.506000000000000116e-01
1.458000000000000129e-01
1.491999999999999993e-01
1.454000000000000015e-01
1.469999999999999918e-01
1.496999999999999997e-01
1.449999999999999900e-01
1.487999999999999878e-01
1.474000000000000032e-01
1.459000000000000019e-01
1.499999999999999944e-01
1.456000000000000072e-01
1.491999999999999993e-01
1.474000000000000032e-01
1.476000000000000090e-01
1.491999999999999993e-01
1.494000000000000050e-01
1.481000000000000094e-01
1.456000000000000072e-01
1.494000000000000050e-01
1.466000000000000081e-01
1.502000000000000002e-01
1.484999999999999931e-01
1.441000000000000059e-01
1.482999999999999874e-01
1.446999999999999953e-01
1.459000000000000019e-01
1.463000000000000134e-01
1.472999999999999865e-01
1.486999999999999988e-01
1.464999999999999913e-01
1.463000000000000134e-01
1.484000000000000041e-01
1.456999999999999962e-01
1.479999999999999927e-01
1.481999999999999984e-01
1.477999999999999869e-01
1.489999999999999936e-01
1.476999999999999980e-01
1.426000000000000045e-01
1.486000000000000099e-01
1.481999999999999984e-01
1.497999999999999887e-01
1.509000000000000064e-01
1.476999999999999980e-01
1.471000000000000085e-01
1.491999999999999993e-01
1.492999999999999883e-01
1.469000000000000028e-01
1.491000000000000103e-01
1.459999999999999909e-01
1.469000000000000028e-01
1.476999999999999980e-01
1.456000000000000072e-01
1.466000000000000081e-01
1.474999999999999922e-01
1.511000000000000121e-01
1.482999999999999874e-01
