1.046800000095367417e-01
1.068000000000000060e-01
1.068000000095367386e-01
1.069200000000000012e-01
1.094800000005960450e-01
1.059600000005960496e-01
1.071200000000000069e-01
1.070799999999999946e-01
1.079200000047683683e-01
1.077200000047683764e-01
1.071600000011920933e-01
1.050400000047683746e-01
1.083999999999999964e-01
1.076800000190734907e-01
1.077200000095367427e-01
1.081200000047683740e-01
1.082000000023841807e-01
1.076400000023841896e-01
1.094400000047683758e-01
1.084800000047683732e-01
1.066800000095367434e-01
1.084399999999999947e-01
1.075600000011920909e-01
1.078000000000000069e-01
1.065600000190734808e-01
1.092400000095367363e-01
1.107200000047683652e-01
1.089600000047683676e-01
1.080000000047683650e-01
1.087200000047683773e-01
1.081600000011920942e-01
1.078000000011920950e-01
1.086400000095367469e-01
1.070000000047683780e-01
1.078800000000000037e-01
1.086000000286102274e-01
1.066800000023841871e-01
1.076400000023841896e-01
1.077200000023841864e-01
1.071600000023841814e-01
1.087599999999999956e-01
1.084000000047683765e-01
1.081200000190734867e-01
1.068800000047683690e-01
1.096000000011920911e-01
1.084400000095367411e-01
1.077200000005960473e-01
1.074400000023841839e-01
1.090800000047683765e-01
1.068000000095367386e-01
1.078400000000000053e-01
1.080400000095367435e-01
1.079999999999999988e-01
1.073600000047683772e-01
1.097600000047683766e-01
1.082400000000000029e-01
1.074800000011920942e-01
1.085200000023841815e-01
1.076400000023841896e-01
1.080000000023841888e-01
1.080399999952316309e-01
1.072400000023841921e-01
1.087600000095367420e-01
1.088400000190734851e-01
1.101600000011920960e-01
1.087200000095367436e-01
1.073200000011920868e-01
1.081600000047683724e-01
1.080800000047683757e-01
1.080800000095367419e-01
1.106400000000000022e-01
1.090400000011920861e-01
1.088000000047683741e-01
1.083200000047683659e-01
1.098800000095367380e-01
1.083200000095367460e-01
1.083200000047683659e-01
1.079200000000000020e-01
1.080000000047683650e-01
1.080800000095367419e-01
1.092800000047683684e-01
1.099600000000000022e-01
1.106800000000000006e-01
1.093200000000000005e-01
1.098800000047683717e-01
1.088000000011920959e-01
1.084000000190734891e-01
1.069600000047683658e-01
1.086800000023841889e-01
1.083999999999999964e-01
1.093200000023841906e-01
1.079200000023841921e-01
1.101600000047683742e-01
1.082800000095367476e-01
1.086799999999999988e-01
1.090400000095367444e-01
1.092800000047683684e-01
1.089999999999999997e-01
1.076000000047683675e-01
1.093200000047683668e-01
1.104800000023841849e-01
1.083199999999999996e-01
1.097200000047683782e-01
1.090400000047683782e-01
1.064000000047683747e-01
1.088400000011920943e-01
1.098800000023841816e-01
1.087600000023841856e-01
1.115200000190734869e-01
1.097600000023841865e-01
1.066000000011920884e-01
1.098799999952316253e-01
1.082800000047683675e-01
1.083200000047683659e-01
1.088800000095367371e-01
1.068800000000000028e-01
1.090800000095367428e-01
1.095200000095367387e-01
1.085600000047683700e-01
1.098800000023841816e-01
1.084400000095367411e-01
1.094799999999999940e-01
1.091199999999999948e-01
1.090799999999999964e-01
1.090400000095367444e-01
1.072800000011920885e-01
1.081600000000000061e-01
1.097200000095367445e-01
1.096800000023841898e-01
1.076000000095367476e-01
1.099200000023841800e-01
1.089200000047683692e-01
1.086400000047683667e-01
1.086400000000000005e-01
1.074400000047683740e-01
1.090800000047683765e-01
1.086400000023841905e-01
1.077599999952316284e-01
1.078800000023841799e-01
1.082400000011920910e-01
1.095600000286102299e-01
1.081199999952316276e-01
1.100400000095367453e-01
1.098800000047683717e-01
1.079200000095367484e-01
1.084800000047683732e-01
1.084400000023841848e-01
1.100400000095367453e-01
1.086799999999999988e-01
1.094000000023841873e-01
1.091200000095367412e-01
1.088400000047683724e-01
1.087600000011920975e-01
1.075200000005960416e-01
1.070799999999999946e-01
1.107200000095367454e-01
1.070000000095367443e-01
1.095200000023841824e-01
1.092800000047683684e-01
1.091200000047683749e-01
1.082000000000000045e-01
1.084000000005960473e-01
1.097600000023841865e-01
1.082400000143051155e-01
1.086800000023841889e-01
1.090400000047683782e-01
1.095599999952316245e-01
1.067600000047683739e-01
1.107200000023841890e-01
1.071600000005960424e-01
1.092000000047683717e-01
1.071200000011920950e-01
1.086800000023841889e-01
1.088800000000000046e-01
1.086000000023841922e-01
1.092800000000000021e-01
1.084799999999999931e-01
1.099600000023841923e-01
1.101199999999999957e-01
1.089200000000000029e-01
1.106800000023841907e-01
1.094000000095367436e-01
1.091200000047683749e-01
1.089200000023841791e-01
1.077599999999999947e-01
1.086400000023841905e-01
1.090400000047683782e-01
1.082800000023841913e-01
1.100000000023841906e-01
1.094000000047683774e-01
1.106400000000000022e-01
1.074800000047683723e-01
1.098399999999999932e-01
1.077600000023841847e-01
1.099600000005960532e-01
1.090399999904632516e-01
1.074800000047683723e-01
1.090400000005960490e-01
1.084000000023841864e-01
1.090000000023841897e-01
1.092800000047683684e-01
1.090000000023841897e-01
1.094800000047683741e-01
1.085600000190734826e-01
1.091600000011920951e-01
1.113600000023841907e-01
1.075200000023841806e-01
1.083200000023841897e-01
1.073600000011920991e-01
1.083200000047683659e-01
1.090400000190734908e-01
1.082800000023841913e-01
1.086000000000000021e-01
1.105600000023841817e-01
1.094400000047683758e-01
1.093600000005960499e-01
1.082000000047683708e-01
1.080399999999999971e-01
1.104400000023841866e-01
1.104399999904632501e-01
1.082400000023841791e-01
1.097200000047683782e-01
1.081200000011920959e-01
1.100800000190734901e-01
1.082800000095367476e-01
1.083600000095367444e-01
1.088800000000000046e-01
1.104400000005960475e-01
1.096000000095367494e-01
1.106800000011920887e-01
1.092000000047683717e-01
1.076400000047683658e-01
1.082800000190734802e-01
1.086799999999999988e-01
1.097600000023841865e-01
1.102400000095367372e-01
1.094800000047683741e-01
1.072800000000000004e-01
1.099200000000000038e-01
1.069200000095367475e-01
1.078000000047683732e-01
1.088000000023841840e-01
1.098400000005960442e-01
1.086000000047683683e-01
1.083200000023841897e-01
1.102000000095367388e-01
1.089600000000000013e-01
1.087600000005960466e-01
1.068800000095367492e-01
1.101600000095367404e-01
1.091200000023841848e-01
1.107600000047683775e-01
1.090400000047683782e-01
1.100400000047683652e-01
1.089200000011920910e-01
1.086400000047683667e-01
1.087199999952316309e-01
1.084800000047683732e-01
1.097200000047683782e-01
1.081600000047683724e-01
1.081200000047683740e-01
1.091200000011920968e-01
1.092400000095367363e-01
1.096400000023841914e-01
1.091599999999999931e-01
1.080000000095367452e-01
1.089200000011920910e-01
1.091200000047683749e-01
1.099999999952316343e-01
1.104400000023841866e-01
1.088800000023841807e-01
1.099600000005960532e-01
1.086000000000000021e-01
1.104799999952316286e-01
1.096000000095367494e-01
1.102400000011920927e-01
1.103200000047683677e-01
1.088800000047683708e-01
1.084400000047683749e-01
1.091200000095367412e-01
1.094800000095367404e-01
1.100799999999999973e-01
1.085600000000000037e-01
1.088000000047683741e-01
1.082800000000000012e-01
1.107200000047683652e-01
1.094400000095367420e-01
1.091599999904632606e-01
1.093600000047683651e-01
1.081200000190734867e-01
1.084800000143051196e-01
1.084000000047683765e-01
1.084400000095367411e-01
1.082800000095367476e-01
1.090799999999999964e-01
1.082400000095367493e-01
1.083199999999999996e-01
1.078400000190734842e-01
1.098800000190734844e-01
1.092800000047683684e-01
1.089600000023841914e-01
1.091600000023841832e-01
1.091600000023841832e-01
1.090800000011920984e-01
1.090400000023841881e-01
1.090799999999999964e-01
1.085600000000000037e-01
1.076000000047683675e-01
1.080400000011920991e-01
1.073599999999999971e-01
1.097200000047683782e-01
1.096800000047683660e-01
1.097199999999999981e-01
1.077600000047683748e-01
1.081600000023841823e-01
1.099200000023841800e-01
1.084799999999999931e-01
1.093200000000000005e-01
1.100000000023841906e-01
1.083600000011920861e-01
1.095600000000000046e-01
1.081200000047683740e-01
1.091599999999999931e-01
1.092800000047683684e-01
1.088800000000000046e-01
1.073600000023841872e-01
1.106000000000000039e-01
1.082400000095367493e-01
1.087199999999999972e-01
1.099200000005960409e-01
1.078000000023841831e-01
1.078400000023841815e-01
1.088400000190734851e-01
1.097600000095367428e-01
1.098399999999999932e-01
1.092400000011920919e-01
1.072400000047683682e-01
1.069600000023841896e-01
1.112400000190734844e-01
1.090799999999999964e-01
1.104800000095367413e-01
1.098000000047683750e-01
1.086400000000000005e-01
1.086000000095367485e-01
1.093200000095367469e-01
1.090399999999999980e-01
1.084000000023841864e-01
1.093200000005960515e-01
1.087199999952316309e-01
1.066800000047683772e-01
1.086799999999999988e-01
1.092400000047683700e-01
1.080000000047683650e-01
1.091200000047683749e-01
1.096800000047683660e-01
1.079600000047683667e-01
1.090000000047683659e-01
1.086000000047683683e-01
1.041200000011920923e-01
1.094000000023841873e-01
1.097199999952316318e-01
1.099599999952316220e-01
1.100000000190734795e-01
1.100800000095367437e-01
1.095200000095367387e-01
1.088400000190734851e-01
1.089600000000000013e-01
1.100800000011920993e-01
1.104000000047683783e-01
1.090800000095367428e-01
1.082800000023841913e-01
1.095199999904632598e-01
1.090799999999999964e-01
1.080800000190734883e-01
1.088000000190734867e-01
1.110800000011920863e-01
1.081200000095367403e-01
1.089200000000000029e-01
1.085600000000000037e-01
1.082400000095367493e-01
1.110000000023841915e-01
1.088400000000000062e-01
1.083600000095367444e-01
1.090800000011920984e-01
1.082400000047683691e-01
1.085600000000000037e-01
1.062400000023841912e-01
1.100800000023841874e-01
1.078000000023841831e-01
1.082800000190734802e-01
1.093600000047683651e-01
1.093999999999999972e-01
1.080000000047683650e-01
1.080000000011920869e-01
1.092000000143051180e-01
1.077200000011920983e-01
1.091599999999999931e-01
1.087199999999999972e-01
1.088400000047683724e-01
1.089600000000000013e-01
1.093600000023841889e-01
1.103599999999999998e-01
1.096800000023841898e-01
1.079200000047683683e-01
1.087600000190734884e-01
1.075200000095367370e-01
1.077199999999999963e-01
1.086400000023841905e-01
1.107600000023841874e-01
1.095200000000000062e-01
1.096400000011920894e-01
1.076400000095367460e-01
1.088800000000000046e-01
1.100800000011920993e-01
1.082000000023841807e-01
1.079599999952316342e-01
1.089600000190734802e-01
1.079200000011920901e-01
1.078400000011920934e-01
1.092000000095367379e-01
1.095999999952316228e-01
1.095600000000000046e-01
1.087600000047683757e-01
1.095200000023841824e-01
1.092400000000000038e-01
1.096000000047683692e-01
1.091199999999999948e-01
1.079200000023841921e-01
1.084800000047683732e-01
1.082800000047683675e-01
1.111199999999999966e-01
1.082400000047683691e-01
1.115600000047683726e-01
1.073600000011920991e-01
1.076000000190734801e-01
1.085200000047683716e-01
1.076400000095367460e-01
1.070800000143051212e-01
1.093600000023841889e-01
1.091599999999999931e-01
1.092800000047683684e-01
1.110799999999999982e-01
1.083200000011920877e-01
1.104000000286102234e-01
1.074400000047683740e-01
1.078400000011920934e-01
1.087200000011920992e-01
1.077200000095367427e-01
1.104400000023841866e-01
1.099600000000000022e-01
1.078000000095367394e-01
1.058800000047683681e-01
1.082799999952316350e-01
1.087599999999999956e-01
1.091200000047683749e-01
1.084799999999999931e-01
1.089600000011920894e-01
1.094000000023841873e-01
1.109200000023841809e-01
1.085200000047683716e-01
1.089200000023841791e-01
1.109600000095367495e-01
1.093600000047683651e-01
1.095600000047683709e-01
1.117199999999999999e-01
1.074400000011920958e-01
1.095600000023841808e-01
1.076000000047683675e-01
1.086800000047683651e-01
1.098800000190734844e-01
1.116000000000000048e-01
1.073200000190734915e-01
1.106400000023841923e-01
1.085200000011920934e-01
1.095600000011920927e-01
1.096400000011920894e-01
1.095200000095367387e-01
1.099200000000000038e-01
1.082000000023841807e-01
1.102800000023841792e-01
1.083200000095367460e-01
1.099600000286102275e-01
1.089600000023841914e-01
1.095200000000000062e-01
1.098800000047683717e-01
1.093600000023841889e-01
1.075600000047683691e-01
1.081200000023841840e-01
1.089200000095367493e-01
1.085600000023841799e-01
1.084399999952316285e-01
1.094000000011920992e-01
1.078800000000000037e-01
1.087200000047683773e-01
1.094800000023841841e-01
1.102400000011920927e-01
1.083200000011920877e-01
1.090800000190734892e-01
1.113200000095367487e-01
1.093200000011920886e-01
