1.013600000023841818e-01
1.051600000095367499e-01
1.062400000011920892e-01
1.082800000000000012e-01
1.069200000000000012e-01
1.050800000023841829e-01
1.058000000023841813e-01
1.086000000047683683e-01
1.074800000095367386e-01
1.063200000095367442e-01
1.066400000023841887e-01
1.076800000190734907e-01
1.080800000023841856e-01
1.078000000095367394e-01
1.076000000023841913e-01
1.081600000000000061e-01
1.057200000011920965e-01
1.092800000023841922e-01
1.090000000047683659e-01
1.076800000047683781e-01
1.078800000011920918e-01
1.078400000000000053e-01
1.084000000047683765e-01
1.088400000000000062e-01
1.065600000047683682e-01
1.073200000095367451e-01
1.081600000095367387e-01
1.070400000011920982e-01
1.090400000047683782e-01
1.095600000047683709e-01
1.087200000047683773e-01
1.088800000000000046e-01
1.093600000286102242e-01
1.097200000190734909e-01
1.090000000047683659e-01
1.067600000047683739e-01
1.067600000047683739e-01
1.076800000047683781e-01
1.084399999999999947e-01
1.077200000023841864e-01
1.101600000011920960e-01
1.093200000190734794e-01
1.090800000047683765e-01
1.091600000047683733e-01
1.104000000047683783e-01
1.096400000011920894e-01
1.093999999952316310e-01
1.066399999999999987e-01
1.070399999999999963e-01
1.098400000095367396e-01
1.085200000047683716e-01
1.079600000023841905e-01
1.073200000011920868e-01
1.092000000023841816e-01
1.078400000000000053e-01
1.087599999999999956e-01
1.097599999999999965e-01
1.084400000143051213e-01
1.091600000047683733e-01
1.090800000047683765e-01
1.093600000023841889e-01
1.088000000023841840e-01
1.102800000023841792e-01
1.089600000023841914e-01
1.087600000005960466e-01
1.082400000095367493e-01
1.100400000095367453e-01
1.069600000023841896e-01
1.079200000047683683e-01
1.088800000005960417e-01
1.080400000095367435e-01
1.077200000011920983e-01
1.081200000047683740e-01
1.076800000023841880e-01
1.077200000023841864e-01
1.094799999999999940e-01
1.083600000023841881e-01
1.093200000047683668e-01
1.095200000000000062e-01
1.095200000047683725e-01
1.092000000095367379e-01
1.106800000000000006e-01
1.087600000047683757e-01
1.084400000190734875e-01
1.093600000023841889e-01
1.100000000286102259e-01
1.105200000047683734e-01
1.093200000047683668e-01
1.079999999999999988e-01
1.086000000047683683e-01
1.085600000011920918e-01
1.094000000047683774e-01
1.077600000047683748e-01
1.114000000047683653e-01
1.094000000047683774e-01
1.087600000047683757e-01
1.096400000095367477e-01
1.101200000286102348e-01
1.087599999999999956e-01
1.081200000011920959e-01
1.088800000047683708e-01
1.093200000023841906e-01
1.098800000011920935e-01
1.093600000011920870e-01
1.084000000095367428e-01
1.086400000023841905e-01
1.106800000047683669e-01
1.116800000095367479e-01
1.110399999999999998e-01
1.095200000047683725e-01
1.098800000000000054e-01
1.080800000011920975e-01
1.093600000047683651e-01
1.094400000023841857e-01
1.084000000047683765e-01
1.114800000023841858e-01
1.104800000011920968e-01
1.094399999999999956e-01
1.106400000000000022e-01
1.091200000005960458e-01
1.102400000047683709e-01
1.089999999999999997e-01
1.068000000000000060e-01
1.089999999999999997e-01
1.101600000011920960e-01
1.085600000023841799e-01
1.104800000023841849e-01
1.097999999952316286e-01
1.096400000023841914e-01
1.106000000023841801e-01
1.119200000143051182e-01
1.105200000011920952e-01
1.113600000047683669e-01
1.092400000000000038e-01
1.078000000000000069e-01
1.102400000011920927e-01
1.101600000011920960e-01
1.082800000023841913e-01
1.101200000095367421e-01
1.099200000000000038e-01
1.118000000023841867e-01
1.110799999999999982e-01
1.086400000190734932e-01
1.088000000047683741e-01
1.102400000095367372e-01
1.099600000095367486e-01
1.093600000023841889e-01
1.094799999904632615e-01
1.100800000023841874e-01
1.090400000023841881e-01
1.077200000011920983e-01
1.102000000095367388e-01
1.085200000023841815e-01
1.081199999999999939e-01
1.104800000047683750e-01
1.100400000047683652e-01
1.088000000047683741e-01
1.108000000047683758e-01
1.102000000047683725e-01
1.117999999999999966e-01
1.089600000011920894e-01
1.115600000143051190e-01
1.094000000023841873e-01
1.082400000047683691e-01
1.066800000023841871e-01
1.128800000047683744e-01
1.089600000000000013e-01
1.107600000023841874e-01
1.119599999904632576e-01
1.090000000047683659e-01
1.089999999999999997e-01
1.109600000000000031e-01
1.096400000011920894e-01
1.109600000143051157e-01
1.100799999952316310e-01
1.100400000011920870e-01
1.101200000011920976e-01
1.106399999904632558e-01
1.108800000023841825e-01
1.114400000023841875e-01
1.120000000000000023e-01
1.094399999999999956e-01
1.086000000095367485e-01
1.110400000023841899e-01
1.109600000000000031e-01
1.090000000023841897e-01
1.095200000000000062e-01
1.108000000011920977e-01
1.105600000023841817e-01
1.100000000047683668e-01
1.089600000000000013e-01
1.098400000011920952e-01
1.090799999999999964e-01
1.087600000011920975e-01
1.090000000190734925e-01
1.107600000047683775e-01
1.098399999999999932e-01
1.096000000047683692e-01
1.094400000047683758e-01
1.097199999999999981e-01
1.095600000023841808e-01
1.106400000023841923e-01
1.103600000095367462e-01
1.100000000095367469e-01
1.093200000190734794e-01
1.101600000023841841e-01
1.093200000047683668e-01
1.097600000023841865e-01
1.100400000023841890e-01
1.109600000000000031e-01
1.113200000000000023e-01
1.104000000095367445e-01
1.105600000047683718e-01
1.104400000023841866e-01
1.100800000011920993e-01
1.111200000047683767e-01
1.102800000000000030e-01
1.096800000047683660e-01
1.093600000011920870e-01
1.105200000023841833e-01
1.091600000095367395e-01
1.115199999999999941e-01
1.094400000190734884e-01
1.094000000011920992e-01
1.080800000023841856e-01
1.094800000095367404e-01
1.078000000000000069e-01
1.081200000095367403e-01
1.096799999999999997e-01
1.077199999999999963e-01
1.123200000190734821e-01
1.125599999999999934e-01
1.096799999999999997e-01
1.104000000023841882e-01
1.096800000095367461e-01
1.106400000000000022e-01
1.101200000047683758e-01
1.088400000023841824e-01
1.099600000011920903e-01
1.108000000190734885e-01
1.117600000095367446e-01
1.127200000047683670e-01
1.099600000023841923e-01
1.104400000023841866e-01
1.094000000095367436e-01
1.092400000047683700e-01
1.088800000190734835e-01
1.110400000023841899e-01
1.094800000190734868e-01
1.099200000095367363e-01
1.100000000005960515e-01
1.101600000047683742e-01
1.120800000023841891e-01
1.082800000000000012e-01
1.106400000023841923e-01
1.107600000143051100e-01
1.094800000047683741e-01
1.094400000047683758e-01
1.102399999952316245e-01
1.082000000047683708e-01
1.084799999999999931e-01
1.085200000047683716e-01
1.113600000047683669e-01
1.101600000095367404e-01
1.106800000047683669e-01
1.093200000011920886e-01
1.108000000023841858e-01
1.113200000095367487e-01
1.108400000023841842e-01
1.113200000095367487e-01
1.111200000190734893e-01
1.118800000023841834e-01
1.107599999999999973e-01
1.112000000011920953e-01
1.107200000095367454e-01
1.103200000000000014e-01
1.115200000190734869e-01
1.086800000011920869e-01
1.128799999999999942e-01
1.107200000005960500e-01
1.103599999999999998e-01
1.097600000023841865e-01
1.104800000095367413e-01
1.113200000023841924e-01
1.114799999999999958e-01
1.112399999952316254e-01
1.109600000023841793e-01
1.104000000023841882e-01
1.108400000005960451e-01
1.122400000047683727e-01
1.099200000047683701e-01
1.080800000095367419e-01
1.114800000011920977e-01
1.087600000005960466e-01
1.109200000047683710e-01
1.111199999952316303e-01
1.109600000023841793e-01
1.092000000023841816e-01
1.107200000023841890e-01
1.112000000095367397e-01
1.088400000095367387e-01
1.093200000000000005e-01
1.112800000023841801e-01
1.088800000023841807e-01
1.102000000023841825e-01
1.110800000005960492e-01
1.101200000005960467e-01
1.114400000023841875e-01
1.104000000095367445e-01
1.103600000011920879e-01
1.098800000000000054e-01
1.113200000047683685e-01
1.101600000190734868e-01
1.117999999999999966e-01
1.111599999999999949e-01
1.112000000011920953e-01
1.095200000023841824e-01
1.117200000095367463e-01
1.100400000190734917e-01
1.104000000047683783e-01
1.101600000011920960e-01
1.117599999999999982e-01
1.103200000047683677e-01
1.107599999999999973e-01
1.116800000023841916e-01
1.095200000000000062e-01
1.086000000047683683e-01
1.104799999999999949e-01
1.108800000190734852e-01
1.086800000023841889e-01
1.112400000095367381e-01
1.103200000047683677e-01
1.129200000047683727e-01
1.102400000011920927e-01
1.096800000286102250e-01
1.118000000023841867e-01
1.098000000047683750e-01
1.102800000047683693e-01
1.100400000011920870e-01
1.100800000047683774e-01
1.132400000095367398e-01
1.126400000047683703e-01
1.104800000047683750e-01
1.082800000011920893e-01
1.116000000023841809e-01
1.092400000023841800e-01
1.097200000005960491e-01
1.101600000047683742e-01
1.107600000023841874e-01
1.096400000190734803e-01
1.099200000000000038e-01
1.127600000023841892e-01
1.109200000000000047e-01
1.104000000047683783e-01
1.094000000095367436e-01
1.100800000286102226e-01
1.101599999999999940e-01
1.102000000000000063e-01
1.112400000011920936e-01
1.110000000047683677e-01
1.094800000005960450e-01
1.116000000095367373e-01
1.100000000023841906e-01
1.101200000095367421e-01
1.108800000023841825e-01
1.108399999999999941e-01
1.103200000000000014e-01
1.106400000095367486e-01
1.121999999999999942e-01
1.110800000023841883e-01
1.128400000023841859e-01
1.099600000011920903e-01
1.122800000011920929e-01
1.109600000000000031e-01
1.096400000143051140e-01
1.096400000000000013e-01
1.088400000190734851e-01
1.098000000023841849e-01
1.109200000047683710e-01
1.104400000095367429e-01
1.116800000095367479e-01
1.119200000023841818e-01
1.079200000023841921e-01
1.098000000286102340e-01
1.109200000047683710e-01
1.122800000047683711e-01
1.084000000023841864e-01
1.104400000023841866e-01
1.095200000000000062e-01
1.116400000005960402e-01
1.107999999999999957e-01
1.107599999952316311e-01
1.113200000190734812e-01
1.118000000023841867e-01
1.098799999952316253e-01
1.110800000005960492e-01
1.108400000023841842e-01
1.106000000190734828e-01
1.100800000095367437e-01
1.115200000095367405e-01
1.124400000023841883e-01
1.116800000000000015e-01
1.118400000023841850e-01
1.114400000047683775e-01
1.096800000047683660e-01
1.090399999999999980e-01
1.101600000047683742e-01
1.094400000047683758e-01
1.115600000095367389e-01
1.097600000095367428e-01
1.100400000047683652e-01
1.100799999999999973e-01
1.109600000286102284e-01
1.108000000047683758e-01
1.109600000023841793e-01
1.104000000190734909e-01
1.096000000000000030e-01
1.092000000011920935e-01
1.104800000095367413e-01
1.099600000095367486e-01
1.108800000023841825e-01
1.118400000047683751e-01
1.084400000023841848e-01
1.102799999952316229e-01
1.114800000095367422e-01
1.111599999904632624e-01
1.109200000047683710e-01
1.104799999904632624e-01
1.109600000005960402e-01
1.108800000011920944e-01
1.096800000047683660e-01
1.106400000023841923e-01
1.114400000047683775e-01
1.097599999999999965e-01
1.105600000047683718e-01
1.106000000047683701e-01
1.107200000095367454e-01
1.108400000023841842e-01
1.112400000000000055e-01
1.107200000005960500e-01
1.074799999952316260e-01
1.094000000023841873e-01
1.082800000047683675e-01
1.111600000011920969e-01
1.111199999952316303e-01
1.092000000000000054e-01
1.121999999999999942e-01
1.123600000047683678e-01
1.102000000047683725e-01
1.123600000023841916e-01
1.104000000190734909e-01
1.111200000047683767e-01
1.112400000047683718e-01
1.106000000000000039e-01
1.106400000023841923e-01
1.097200000047683782e-01
1.117200000190734926e-01
1.111200000047683767e-01
1.118800000023841834e-01
1.102800000000000030e-01
1.115999999952316246e-01
1.110000000000000014e-01
1.107600000005960483e-01
1.105600000000000055e-01
1.127600000023841892e-01
1.110400000005960508e-01
1.097600000047683766e-01
1.110000000000000014e-01
1.120400000190734796e-01
1.110000000011920895e-01
1.100400000023841890e-01
1.105600000023841817e-01
1.122000000047683743e-01
1.107599999952316311e-01
1.094799999952316277e-01
1.098399999999999932e-01
1.089600000023841914e-01
1.107600000047683775e-01
1.116000000095367373e-01
1.112800000000000039e-01
1.106000000047683701e-01
1.112800000047683702e-01
1.111200000190734893e-01
1.114000000005960500e-01
1.108400000023841842e-01
1.103600000190734925e-01
1.101599999999999940e-01
1.095599999952316245e-01
1.108000000023841858e-01
1.127200000011920888e-01
1.112800000095367364e-01
1.105600000023841817e-01
1.115200000095367405e-01
1.088800000047683708e-01
1.106400000023841923e-01
1.095200000047683725e-01
1.096000000286102283e-01
1.099600000000000022e-01
1.107600000047683775e-01
1.125599999999999934e-01
