9.950000000000000511e-02
1.174999999999999933e-01
1.218999999999999945e-01
1.200999999999999984e-01
1.228000000000000064e-01
1.210999999999999993e-01
1.267999999999999960e-01
1.313999999999999890e-01
1.287000000000000088e-01
1.285999999999999921e-01
1.303999999999999881e-01
1.295000000000000040e-01
1.308999999999999886e-01
1.307000000000000106e-01
1.282000000000000084e-01
1.290999999999999925e-01
1.315999999999999948e-01
1.285999999999999921e-01
1.313999999999999890e-01
1.345999999999999974e-01
1.327000000000000124e-01
1.307000000000000106e-01
1.302999999999999992e-01
1.305999999999999939e-01
1.325000000000000067e-01
1.308999999999999886e-01
1.343000000000000027e-01
1.315999999999999948e-01
1.293999999999999873e-01
1.318999999999999895e-01
1.353000000000000036e-01
1.330000000000000071e-01
1.310000000000000053e-01
1.317000000000000115e-01
1.325000000000000067e-01
1.355000000000000093e-01
1.335000000000000075e-01
1.328999999999999904e-01
1.327000000000000124e-01
1.330000000000000071e-01
1.351999999999999869e-01
1.338000000000000023e-01
1.353999999999999926e-01
1.307000000000000106e-01
1.328999999999999904e-01
1.361999999999999877e-01
1.342000000000000137e-01
1.317000000000000115e-01
1.330000000000000071e-01
1.338999999999999913e-01
1.346999999999999864e-01
1.333999999999999908e-01
1.343000000000000027e-01
1.320999999999999952e-01
1.335999999999999965e-01
1.358000000000000040e-01
1.346999999999999864e-01
1.370000000000000107e-01
1.376000000000000001e-01
1.353000000000000036e-01
1.338000000000000023e-01
1.363000000000000045e-01
1.361999999999999877e-01
1.360000000000000098e-01
1.330000000000000071e-01
1.378999999999999948e-01
1.360000000000000098e-01
1.381999999999999895e-01
1.340999999999999970e-01
1.360000000000000098e-01
1.386999999999999900e-01
1.368000000000000049e-01
1.366999999999999882e-01
1.383000000000000063e-01
1.363000000000000045e-01
1.348999999999999921e-01
1.351999999999999869e-01
1.350000000000000089e-01
1.355000000000000093e-01
1.348000000000000032e-01
1.366999999999999882e-01
1.376999999999999891e-01
1.383000000000000063e-01
1.385000000000000120e-01
1.355000000000000093e-01
1.373999999999999944e-01
1.396999999999999909e-01
1.353000000000000036e-01
1.383000000000000063e-01
1.335000000000000075e-01
1.343000000000000027e-01
1.348999999999999921e-01
1.351999999999999869e-01
1.393999999999999961e-01
1.376000000000000001e-01
1.386000000000000010e-01
1.381000000000000005e-01
1.355000000000000093e-01
1.373999999999999944e-01
1.370999999999999996e-01
1.365999999999999992e-01
1.395000000000000129e-01
1.373999999999999944e-01
1.358999999999999930e-01
1.378999999999999948e-01
1.405000000000000138e-01
1.330000000000000071e-01
1.365999999999999992e-01
1.360000000000000098e-01
1.361999999999999877e-01
1.383000000000000063e-01
1.370000000000000107e-01
1.386999999999999900e-01
1.328000000000000014e-01
1.398000000000000076e-01
1.373000000000000054e-01
1.371999999999999886e-01
1.406000000000000028e-01
1.365999999999999992e-01
1.361999999999999877e-01
1.365999999999999992e-01
1.408000000000000085e-01
1.366999999999999882e-01
1.406999999999999917e-01
1.353000000000000036e-01
1.426000000000000045e-01
1.393000000000000071e-01
1.378999999999999948e-01
1.390000000000000124e-01
1.401999999999999913e-01
1.353000000000000036e-01
1.368000000000000049e-01
1.376999999999999891e-01
1.391999999999999904e-01
1.383999999999999952e-01
1.411999999999999922e-01
1.383000000000000063e-01
1.385000000000000120e-01
1.370999999999999996e-01
1.409999999999999865e-01
1.401999999999999913e-01
1.403000000000000080e-01
1.360000000000000098e-01
1.436999999999999944e-01
1.370000000000000107e-01
1.365999999999999992e-01
1.426999999999999935e-01
1.381000000000000005e-01
1.414999999999999869e-01
1.361999999999999877e-01
1.401999999999999913e-01
1.368999999999999939e-01
1.393000000000000071e-01
1.421000000000000041e-01
1.411999999999999922e-01
1.393000000000000071e-01
1.405000000000000138e-01
1.406999999999999917e-01
1.393999999999999961e-01
1.388000000000000067e-01
1.405000000000000138e-01
1.375000000000000111e-01
1.373999999999999944e-01
1.370000000000000107e-01
1.380000000000000115e-01
1.423999999999999988e-01
1.383000000000000063e-01
1.378000000000000058e-01
1.424999999999999878e-01
1.409999999999999865e-01
1.398999999999999966e-01
1.396999999999999909e-01
1.355000000000000093e-01
1.413000000000000089e-01
1.398000000000000076e-01
1.413000000000000089e-01
1.421000000000000041e-01
1.391999999999999904e-01
1.393000000000000071e-01
1.405000000000000138e-01
1.376000000000000001e-01
1.414999999999999869e-01
1.381000000000000005e-01
1.365000000000000102e-01
1.421000000000000041e-01
1.429999999999999882e-01
1.391999999999999904e-01
1.401999999999999913e-01
1.401999999999999913e-01
1.390000000000000124e-01
1.421999999999999931e-01
1.366999999999999882e-01
1.398999999999999966e-01
1.419999999999999873e-01
1.403000000000000080e-01
1.391000000000000014e-01
1.421999999999999931e-01
1.411999999999999922e-01
1.411000000000000032e-01
1.398000000000000076e-01
1.421999999999999931e-01
1.409999999999999865e-01
1.385000000000000120e-01
1.403999999999999970e-01
1.386000000000000010e-01
1.395000000000000129e-01
1.386000000000000010e-01
1.395000000000000129e-01
1.411000000000000032e-01
1.360999999999999988e-01
1.418000000000000094e-01
1.408000000000000085e-01
1.391999999999999904e-01
1.416000000000000036e-01
1.376999999999999891e-01
1.424999999999999878e-01
1.403000000000000080e-01
1.380000000000000115e-01
1.411000000000000032e-01
1.436000000000000054e-01
1.365999999999999992e-01
1.423999999999999988e-01
1.383999999999999952e-01
1.423000000000000098e-01
1.411999999999999922e-01
1.446999999999999953e-01
1.401999999999999913e-01
1.421999999999999931e-01
1.383999999999999952e-01
1.396999999999999909e-01
1.386999999999999900e-01
1.396000000000000019e-01
1.338000000000000023e-01
1.386999999999999900e-01
1.401999999999999913e-01
1.400000000000000133e-01
1.408999999999999975e-01
1.416999999999999926e-01
1.418999999999999984e-01
1.411000000000000032e-01
1.423000000000000098e-01
1.388999999999999957e-01
1.401999999999999913e-01
1.373999999999999944e-01
1.403000000000000080e-01
1.378999999999999948e-01
1.421000000000000041e-01
1.406999999999999917e-01
1.416999999999999926e-01
1.398000000000000076e-01
1.403999999999999970e-01
1.403000000000000080e-01
1.375000000000000111e-01
1.376999999999999891e-01
1.411000000000000032e-01
1.403999999999999970e-01
1.396999999999999909e-01
1.388999999999999957e-01
1.444000000000000006e-01
1.366999999999999882e-01
1.426000000000000045e-01
1.390000000000000124e-01
1.438000000000000111e-01
1.409999999999999865e-01
1.396999999999999909e-01
1.403999999999999970e-01
1.413999999999999979e-01
1.396000000000000019e-01
1.443000000000000116e-01
1.390000000000000124e-01
1.421999999999999931e-01
1.411000000000000032e-01
1.418999999999999984e-01
1.434999999999999887e-01
1.419999999999999873e-01
1.418999999999999984e-01
1.411000000000000032e-01
1.416000000000000036e-01
1.403000000000000080e-01
1.436000000000000054e-01
1.403999999999999970e-01
1.433999999999999997e-01
1.423000000000000098e-01
1.401000000000000023e-01
1.434999999999999887e-01
1.426000000000000045e-01
1.423999999999999988e-01
1.400000000000000133e-01
1.393000000000000071e-01
1.413000000000000089e-01
1.411999999999999922e-01
1.433999999999999997e-01
1.370999999999999996e-01
1.400000000000000133e-01
1.433000000000000107e-01
1.376999999999999891e-01
1.409999999999999865e-01
1.391999999999999904e-01
1.418000000000000094e-01
1.408000000000000085e-01
1.408000000000000085e-01
1.380000000000000115e-01
1.411000000000000032e-01
1.388999999999999957e-01
1.421000000000000041e-01
1.431999999999999940e-01
1.418999999999999984e-01
1.443000000000000116e-01
1.429999999999999882e-01
1.438000000000000111e-01
1.396999999999999909e-01
1.413000000000000089e-01
1.416999999999999926e-01
1.396999999999999909e-01
1.449000000000000010e-01
1.421999999999999931e-01
1.395000000000000129e-01
1.396999999999999909e-01
1.405000000000000138e-01
1.376999999999999891e-01
1.406999999999999917e-01
1.424999999999999878e-01
1.416000000000000036e-01
1.414999999999999869e-01
1.433999999999999997e-01
1.411999999999999922e-01
1.391999999999999904e-01
1.441999999999999948e-01
1.416999999999999926e-01
1.416999999999999926e-01
1.396999999999999909e-01
1.416999999999999926e-01
1.370000000000000107e-01
1.446000000000000063e-01
1.414999999999999869e-01
1.418999999999999984e-01
1.381000000000000005e-01
1.424999999999999878e-01
1.423000000000000098e-01
1.444000000000000006e-01
1.401000000000000023e-01
1.423999999999999988e-01
1.421999999999999931e-01
1.409999999999999865e-01
1.439000000000000001e-01
1.431999999999999940e-01
1.424999999999999878e-01
1.388999999999999957e-01
1.421000000000000041e-01
1.451999999999999957e-01
1.423000000000000098e-01
1.391000000000000014e-01
1.431000000000000050e-01
1.433000000000000107e-01
1.423000000000000098e-01
1.438000000000000111e-01
1.459999999999999909e-01
1.423000000000000098e-01
1.456000000000000072e-01
1.403999999999999970e-01
1.395000000000000129e-01
1.436000000000000054e-01
1.408000000000000085e-01
1.409999999999999865e-01
1.395000000000000129e-01
1.418000000000000094e-01
1.436000000000000054e-01
1.446000000000000063e-01
1.431999999999999940e-01
1.446000000000000063e-01
1.431999999999999940e-01
1.433999999999999997e-01
1.439999999999999891e-01
1.408000000000000085e-01
1.416000000000000036e-01
1.403000000000000080e-01
1.409999999999999865e-01
1.406000000000000028e-01
1.429999999999999882e-01
1.453000000000000125e-01
1.416000000000000036e-01
1.449000000000000010e-01
1.403999999999999970e-01
1.426999999999999935e-01
1.390000000000000124e-01
1.423999999999999988e-01
1.456999999999999962e-01
1.423999999999999988e-01
1.469000000000000028e-01
1.416000000000000036e-01
1.396999999999999909e-01
1.436000000000000054e-01
1.446000000000000063e-01
1.413000000000000089e-01
1.446000000000000063e-01
1.428999999999999992e-01
1.454000000000000015e-01
1.376000000000000001e-01
1.444000000000000006e-01
1.421000000000000041e-01
1.423000000000000098e-01
1.469999999999999918e-01
1.441000000000000059e-01
1.444000000000000006e-01
1.461000000000000076e-01
1.401999999999999913e-01
1.453000000000000125e-01
1.459999999999999909e-01
1.401000000000000023e-01
1.429999999999999882e-01
1.433999999999999997e-01
1.449000000000000010e-01
1.413999999999999979e-01
1.449999999999999900e-01
1.433000000000000107e-01
1.433999999999999997e-01
1.401999999999999913e-01
1.423000000000000098e-01
1.390000000000000124e-01
1.424999999999999878e-01
1.428000000000000103e-01
1.405000000000000138e-01
1.416999999999999926e-01
1.436999999999999944e-01
1.428999999999999992e-01
1.426000000000000045e-01
1.454000000000000015e-01
1.424999999999999878e-01
1.426999999999999935e-01
1.423999999999999988e-01
1.444999999999999896e-01
1.418000000000000094e-01
1.441999999999999948e-01
1.421999999999999931e-01
1.453000000000000125e-01
1.418999999999999984e-01
1.448000000000000120e-01
1.433000000000000107e-01
1.434999999999999887e-01
1.418000000000000094e-01
1.439999999999999891e-01
1.433000000000000107e-01
1.396000000000000019e-01
1.439999999999999891e-01
1.413000000000000089e-01
1.433999999999999997e-01
1.419999999999999873e-01
1.411999999999999922e-01
1.413000000000000089e-01
1.426000000000000045e-01
1.446999999999999953e-01
1.396999999999999909e-01
1.436999999999999944e-01
1.451999999999999957e-01
1.423000000000000098e-01
1.418000000000000094e-01
1.403999999999999970e-01
1.439999999999999891e-01
1.413999999999999979e-01
1.419999999999999873e-01
1.441000000000000059e-01
1.413999999999999979e-01
1.487999999999999878e-01
1.419999999999999873e-01
1.423000000000000098e-01
1.454000000000000015e-01
1.403000000000000080e-01
1.406999999999999917e-01
1.444999999999999896e-01
1.421999999999999931e-01
1.423999999999999988e-01
1.408000000000000085e-01
1.439000000000000001e-01
1.426000000000000045e-01
1.436000000000000054e-01
1.446999999999999953e-01
1.421000000000000041e-01
1.423999999999999988e-01
1.431999999999999940e-01
1.438000000000000111e-01
1.439000000000000001e-01
1.441999999999999948e-01
1.424999999999999878e-01
1.433000000000000107e-01
1.428999999999999992e-01
1.453000000000000125e-01
1.431999999999999940e-01
1.459000000000000019e-01
1.423000000000000098e-01
1.431999999999999940e-01
1.446999999999999953e-01
1.403000000000000080e-01
1.429999999999999882e-01
1.398000000000000076e-01
1.461999999999999966e-01
1.441000000000000059e-01
1.426999999999999935e-01
1.439999999999999891e-01
1.451999999999999957e-01
1.449999999999999900e-01
