9.990000000000000269e-02
1.089999999999999997e-01
1.115000000000000019e-01
1.117999999999999966e-01
1.126999999999999946e-01
1.103999999999999981e-01
1.150999999999999940e-01
1.117999999999999966e-01
1.155999999999999944e-01
1.116999999999999937e-01
1.145000000000000046e-01
1.108999999999999986e-01
1.155999999999999944e-01
1.160999999999999949e-01
1.164000000000000035e-01
1.098999999999999977e-01
1.152999999999999997e-01
1.140999999999999931e-01
1.136000000000000065e-01
1.142999999999999988e-01
1.117999999999999966e-01
1.132999999999999979e-01
1.160999999999999949e-01
1.160000000000000059e-01
1.125000000000000028e-01
1.145000000000000046e-01
1.150999999999999940e-01
1.174000000000000044e-01
1.145999999999999935e-01
1.173000000000000015e-01
1.175999999999999962e-01
1.194000000000000061e-01
1.154000000000000026e-01
1.173000000000000015e-01
1.170000000000000068e-01
1.130000000000000032e-01
1.149000000000000021e-01
1.159000000000000030e-01
1.137999999999999984e-01
1.180999999999999966e-01
1.140999999999999931e-01
1.185999999999999971e-01
1.159000000000000030e-01
1.194000000000000061e-01
1.140000000000000041e-01
1.170999999999999958e-01
1.155999999999999944e-01
1.170999999999999958e-01
1.145000000000000046e-01
1.150999999999999940e-01
1.178000000000000019e-01
1.178000000000000019e-01
1.170000000000000068e-01
1.166999999999999982e-01
1.214999999999999969e-01
1.160000000000000059e-01
1.166999999999999982e-01
1.171999999999999986e-01
1.146999999999999964e-01
1.170000000000000068e-01
1.150000000000000050e-01
1.154000000000000026e-01
1.142999999999999988e-01
1.199000000000000066e-01
1.158000000000000002e-01
1.170999999999999958e-01
1.184999999999999942e-01
1.194000000000000061e-01
1.164000000000000035e-01
1.188000000000000028e-01
1.166999999999999982e-01
1.169000000000000039e-01
1.160000000000000059e-01
1.168000000000000010e-01
1.140999999999999931e-01
1.155000000000000054e-01
1.175999999999999962e-01
1.188000000000000028e-01
1.180999999999999966e-01
1.160000000000000059e-01
1.195999999999999980e-01
1.176999999999999991e-01
1.189000000000000057e-01
1.169000000000000039e-01
1.188000000000000028e-01
1.174999999999999933e-01
1.173000000000000015e-01
1.184000000000000052e-01
1.176999999999999991e-01
1.158000000000000002e-01
1.152999999999999997e-01
1.207000000000000017e-01
1.160999999999999949e-01
1.152999999999999997e-01
1.199000000000000066e-01
1.192000000000000004e-01
1.170000000000000068e-01
1.168000000000000010e-01
1.208999999999999936e-01
1.187000000000000000e-01
1.179999999999999938e-01
1.187000000000000000e-01
1.165999999999999953e-01
1.155999999999999944e-01
1.161999999999999977e-01
1.169000000000000039e-01
1.164000000000000035e-01
1.174000000000000044e-01
1.192000000000000004e-01
1.215999999999999998e-01
1.155000000000000054e-01
1.184999999999999942e-01
1.226000000000000006e-01
1.175999999999999962e-01
1.184999999999999942e-01
1.198000000000000037e-01
1.199000000000000066e-01
1.188000000000000028e-01
1.175999999999999962e-01
1.179999999999999938e-01
1.149000000000000021e-01
1.159000000000000030e-01
1.152999999999999997e-01
1.200999999999999984e-01
1.199000000000000066e-01
1.178000000000000019e-01
1.169000000000000039e-01
1.152999999999999997e-01
1.165000000000000063e-01
1.169000000000000039e-01
1.165000000000000063e-01
1.161999999999999977e-01
1.197000000000000008e-01
1.174000000000000044e-01
1.188000000000000028e-01
1.180999999999999966e-01
1.166999999999999982e-01
1.160999999999999949e-01
1.163000000000000006e-01
1.160999999999999949e-01
1.198000000000000037e-01
1.205999999999999989e-01
1.170999999999999958e-01
1.184999999999999942e-01
1.203999999999999931e-01
1.189999999999999947e-01
1.207000000000000017e-01
1.208999999999999936e-01
1.180999999999999966e-01
1.170000000000000068e-01
1.194999999999999951e-01
1.161999999999999977e-01
1.175999999999999962e-01
1.179000000000000048e-01
1.185999999999999971e-01
1.181999999999999995e-01
1.163000000000000006e-01
1.184000000000000052e-01
1.168000000000000010e-01
1.175999999999999962e-01
1.197000000000000008e-01
1.169000000000000039e-01
1.179999999999999938e-01
1.185999999999999971e-01
1.174000000000000044e-01
1.192000000000000004e-01
1.189000000000000057e-01
1.176999999999999991e-01
1.174999999999999933e-01
1.228999999999999954e-01
1.176999999999999991e-01
1.168000000000000010e-01
1.192000000000000004e-01
1.194999999999999951e-01
1.208000000000000046e-01
1.169000000000000039e-01
1.189999999999999947e-01
1.203000000000000042e-01
1.184999999999999942e-01
1.168000000000000010e-01
1.170000000000000068e-01
1.194000000000000061e-01
1.205999999999999989e-01
1.193000000000000033e-01
1.170999999999999958e-01
1.199000000000000066e-01
1.187000000000000000e-01
1.199000000000000066e-01
1.190999999999999975e-01
1.185999999999999971e-01
1.208000000000000046e-01
1.179000000000000048e-01
1.223999999999999949e-01
1.197000000000000008e-01
1.199000000000000066e-01
1.170999999999999958e-01
1.183000000000000024e-01
1.199000000000000066e-01
1.184999999999999942e-01
1.192000000000000004e-01
1.208000000000000046e-01
1.215999999999999998e-01
1.213999999999999940e-01
1.200999999999999984e-01
1.189999999999999947e-01
1.175999999999999962e-01
1.199000000000000066e-01
1.184000000000000052e-01
1.198000000000000037e-01
1.155999999999999944e-01
1.209999999999999964e-01
1.208999999999999936e-01
1.192000000000000004e-01
1.180999999999999966e-01
1.203999999999999931e-01
1.166999999999999982e-01
1.180999999999999966e-01
1.180999999999999966e-01
1.228000000000000064e-01
1.232000000000000040e-01
1.175999999999999962e-01
1.178000000000000019e-01
1.174000000000000044e-01
1.218999999999999945e-01
1.199000000000000066e-01
1.204999999999999960e-01
1.229999999999999982e-01
1.190999999999999975e-01
1.203000000000000042e-01
1.155000000000000054e-01
1.185999999999999971e-01
1.185999999999999971e-01
1.173000000000000015e-01
1.194000000000000061e-01
1.192000000000000004e-01
1.176999999999999991e-01
1.184000000000000052e-01
1.189999999999999947e-01
1.151999999999999968e-01
1.210999999999999993e-01
1.189999999999999947e-01
1.197000000000000008e-01
1.207000000000000017e-01
1.202000000000000013e-01
1.218000000000000055e-01
1.199999999999999956e-01
1.176999999999999991e-01
1.207000000000000017e-01
1.213999999999999940e-01
1.173000000000000015e-01
1.184999999999999942e-01
1.192000000000000004e-01
1.205999999999999989e-01
1.192000000000000004e-01
1.174999999999999933e-01
1.207000000000000017e-01
1.194000000000000061e-01
1.198000000000000037e-01
1.183000000000000024e-01
1.207000000000000017e-01
1.213999999999999940e-01
1.226000000000000006e-01
1.189000000000000057e-01
1.203999999999999931e-01
1.189000000000000057e-01
1.190999999999999975e-01
1.160999999999999949e-01
1.199999999999999956e-01
1.166999999999999982e-01
1.184000000000000052e-01
1.212000000000000022e-01
1.184000000000000052e-01
1.241000000000000020e-01
1.226000000000000006e-01
1.189000000000000057e-01
1.184999999999999942e-01
1.170000000000000068e-01
1.176999999999999991e-01
1.223000000000000059e-01
1.214999999999999969e-01
1.185999999999999971e-01
1.197000000000000008e-01
1.193000000000000033e-01
1.180999999999999966e-01
1.181999999999999995e-01
1.176999999999999991e-01
1.210999999999999993e-01
1.232000000000000040e-01
1.189000000000000057e-01
1.199000000000000066e-01
1.187000000000000000e-01
1.188000000000000028e-01
1.203999999999999931e-01
1.189999999999999947e-01
1.179000000000000048e-01
1.185999999999999971e-01
1.174000000000000044e-01
1.181999999999999995e-01
1.209999999999999964e-01
1.188000000000000028e-01
1.203000000000000042e-01
1.214999999999999969e-01
1.189999999999999947e-01
1.197000000000000008e-01
1.156999999999999973e-01
1.165999999999999953e-01
1.193000000000000033e-01
1.197000000000000008e-01
1.209999999999999964e-01
1.190999999999999975e-01
1.189000000000000057e-01
1.181999999999999995e-01
1.178000000000000019e-01
1.204999999999999960e-01
1.200999999999999984e-01
1.170000000000000068e-01
1.232000000000000040e-01
1.208000000000000046e-01
1.199999999999999956e-01
1.193000000000000033e-01
1.194000000000000061e-01
1.195999999999999980e-01
1.203000000000000042e-01
1.174999999999999933e-01
1.184999999999999942e-01
1.192000000000000004e-01
1.213000000000000050e-01
1.189000000000000057e-01
1.213999999999999940e-01
1.195999999999999980e-01
1.222000000000000031e-01
1.213999999999999940e-01
1.194000000000000061e-01
1.213000000000000050e-01
1.184000000000000052e-01
1.178000000000000019e-01
1.184999999999999942e-01
1.199000000000000066e-01
1.188000000000000028e-01
1.174999999999999933e-01
1.199999999999999956e-01
1.169000000000000039e-01
1.217000000000000026e-01
1.178000000000000019e-01
1.184000000000000052e-01
1.187000000000000000e-01
1.203000000000000042e-01
1.199999999999999956e-01
1.194000000000000061e-01
1.193000000000000033e-01
1.231000000000000011e-01
1.214999999999999969e-01
1.199000000000000066e-01
1.189999999999999947e-01
1.228000000000000064e-01
1.202000000000000013e-01
1.207000000000000017e-01
1.178000000000000019e-01
1.229999999999999982e-01
1.199000000000000066e-01
1.171999999999999986e-01
1.214999999999999969e-01
1.199000000000000066e-01
1.219999999999999973e-01
1.207000000000000017e-01
1.192000000000000004e-01
1.208000000000000046e-01
1.192000000000000004e-01
1.199999999999999956e-01
1.165000000000000063e-01
1.198000000000000037e-01
1.208999999999999936e-01
1.214999999999999969e-01
1.178000000000000019e-01
1.202000000000000013e-01
1.200999999999999984e-01
1.204999999999999960e-01
1.169000000000000039e-01
1.223000000000000059e-01
1.223000000000000059e-01
1.187000000000000000e-01
1.203999999999999931e-01
1.198000000000000037e-01
1.199000000000000066e-01
1.202000000000000013e-01
1.204999999999999960e-01
1.192000000000000004e-01
1.187000000000000000e-01
1.179000000000000048e-01
1.194000000000000061e-01
1.203000000000000042e-01
1.199999999999999956e-01
1.203000000000000042e-01
1.194000000000000061e-01
1.178000000000000019e-01
1.238999999999999962e-01
1.192000000000000004e-01
1.154000000000000026e-01
1.189999999999999947e-01
1.218999999999999945e-01
1.214999999999999969e-01
1.185999999999999971e-01
1.203000000000000042e-01
1.203000000000000042e-01
1.200999999999999984e-01
1.203000000000000042e-01
1.202000000000000013e-01
1.215999999999999998e-01
1.202000000000000013e-01
1.207000000000000017e-01
1.234999999999999987e-01
1.190999999999999975e-01
1.184999999999999942e-01
1.194000000000000061e-01
1.204999999999999960e-01
1.174000000000000044e-01
1.202000000000000013e-01
1.228999999999999954e-01
1.178000000000000019e-01
1.181999999999999995e-01
1.189000000000000057e-01
1.169000000000000039e-01
1.199999999999999956e-01
1.195999999999999980e-01
1.222000000000000031e-01
1.198000000000000037e-01
1.213000000000000050e-01
1.208999999999999936e-01
1.209999999999999964e-01
1.188000000000000028e-01
1.184000000000000052e-01
1.217000000000000026e-01
1.179999999999999938e-01
1.218000000000000055e-01
1.218000000000000055e-01
1.223999999999999949e-01
1.227000000000000035e-01
1.198000000000000037e-01
1.199000000000000066e-01
1.184000000000000052e-01
1.208999999999999936e-01
1.202000000000000013e-01
1.178000000000000019e-01
1.198000000000000037e-01
1.213999999999999940e-01
1.208999999999999936e-01
1.221000000000000002e-01
1.184999999999999942e-01
1.187000000000000000e-01
1.195999999999999980e-01
1.221000000000000002e-01
1.214999999999999969e-01
1.187000000000000000e-01
1.207000000000000017e-01
1.255999999999999894e-01
1.218000000000000055e-01
1.180999999999999966e-01
1.184000000000000052e-01
1.202000000000000013e-01
1.213999999999999940e-01
1.238999999999999962e-01
1.165000000000000063e-01
1.203000000000000042e-01
1.166999999999999982e-01
1.198000000000000037e-01
1.203999999999999931e-01
1.189000000000000057e-01
1.202000000000000013e-01
1.188000000000000028e-01
1.199000000000000066e-01
1.203999999999999931e-01
1.203000000000000042e-01
1.190999999999999975e-01
1.183000000000000024e-01
1.199999999999999956e-01
1.203000000000000042e-01
1.239999999999999991e-01
1.227000000000000035e-01
1.203999999999999931e-01
1.222000000000000031e-01
1.199999999999999956e-01
1.209999999999999964e-01
1.227000000000000035e-01
1.218000000000000055e-01
1.203000000000000042e-01
1.194000000000000061e-01
1.194000000000000061e-01
1.199000000000000066e-01
1.217000000000000026e-01
1.169000000000000039e-01
1.204999999999999960e-01
1.189999999999999947e-01
1.213999999999999940e-01
1.199999999999999956e-01
1.223999999999999949e-01
1.213000000000000050e-01
1.184999999999999942e-01
1.250999999999999890e-01
1.183000000000000024e-01
1.178000000000000019e-01
