1.005999999999999950e-01
1.107599999999999973e-01
1.133600000000000024e-01
1.154799999999999993e-01
1.174400000000000027e-01
1.160400000000000043e-01
1.153200000000000058e-01
1.180800000000000044e-01
1.177600000000000036e-01
1.158399999999999985e-01
1.175199999999999995e-01
1.163200000000000067e-01
1.161599999999999994e-01
1.184800000000000020e-01
1.174000000000000044e-01
1.154000000000000026e-01
1.189199999999999979e-01
1.171600000000000003e-01
1.188000000000000028e-01
1.190400000000000069e-01
1.194000000000000061e-01
1.183600000000000069e-01
1.173600000000000060e-01
1.165999999999999953e-01
1.178400000000000003e-01
1.194400000000000045e-01
1.190400000000000069e-01
1.193599999999999939e-01
1.192799999999999971e-01
1.208800000000000013e-01
1.198400000000000021e-01
1.190400000000000069e-01
1.205200000000000021e-01
1.196799999999999947e-01
1.183199999999999946e-01
1.192799999999999971e-01
1.176399999999999946e-01
1.208400000000000030e-01
1.202399999999999997e-01
1.196799999999999947e-01
1.208400000000000030e-01
1.197600000000000053e-01
1.194000000000000061e-01
1.206399999999999972e-01
1.199599999999999972e-01
1.208400000000000030e-01
1.196799999999999947e-01
1.187200000000000061e-01
1.208800000000000013e-01
1.203599999999999948e-01
1.207199999999999940e-01
1.198000000000000037e-01
1.198000000000000037e-01
1.192000000000000004e-01
1.219999999999999973e-01
1.205999999999999989e-01
1.208400000000000030e-01
1.215999999999999998e-01
1.210799999999999932e-01
1.208800000000000013e-01
1.234399999999999942e-01
1.212000000000000022e-01
1.208400000000000030e-01
1.194800000000000029e-01
1.201200000000000045e-01
1.210799999999999932e-01
1.205999999999999989e-01
1.204800000000000038e-01
1.213999999999999940e-01
1.215200000000000030e-01
1.233599999999999974e-01
1.205600000000000005e-01
1.212799999999999989e-01
1.207600000000000062e-01
1.211600000000000038e-01
1.233599999999999974e-01
1.219599999999999990e-01
1.209199999999999997e-01
1.215200000000000030e-01
1.193599999999999939e-01
1.213599999999999957e-01
1.197199999999999931e-01
1.208800000000000013e-01
1.233999999999999958e-01
1.200800000000000062e-01
1.198000000000000037e-01
1.226799999999999974e-01
1.202000000000000013e-01
1.199599999999999972e-01
1.199599999999999972e-01
1.217199999999999949e-01
1.213199999999999973e-01
1.193199999999999955e-01
1.208000000000000046e-01
1.210399999999999948e-01
1.204800000000000038e-01
1.229200000000000015e-01
1.212400000000000005e-01
1.220799999999999941e-01
1.193199999999999955e-01
1.215999999999999998e-01
1.225200000000000039e-01
1.215600000000000014e-01
1.196399999999999963e-01
1.203999999999999931e-01
1.229999999999999982e-01
1.226799999999999974e-01
1.213999999999999940e-01
1.217199999999999949e-01
1.219599999999999990e-01
1.236000000000000015e-01
1.237199999999999966e-01
1.230399999999999966e-01
1.210399999999999948e-01
1.222400000000000014e-01
1.227599999999999941e-01
1.232400000000000023e-01
1.218000000000000055e-01
1.217599999999999932e-01
1.233599999999999974e-01
1.231199999999999933e-01
1.243599999999999983e-01
1.220399999999999957e-01
1.211200000000000054e-01
1.216399999999999981e-01
1.200800000000000062e-01
1.229999999999999982e-01
1.200399999999999939e-01
1.212400000000000005e-01
1.224399999999999933e-01
1.213199999999999973e-01
1.197199999999999931e-01
1.236399999999999999e-01
1.218400000000000039e-01
1.202799999999999980e-01
1.213199999999999973e-01
1.225200000000000039e-01
1.255999999999999894e-01
1.205999999999999989e-01
1.232800000000000007e-01
1.226799999999999974e-01
1.247199999999999975e-01
1.245600000000000041e-01
1.216799999999999965e-01
1.223199999999999982e-01
1.203999999999999931e-01
1.223999999999999949e-01
1.224800000000000055e-01
1.227199999999999958e-01
1.219599999999999990e-01
1.207199999999999940e-01
1.214800000000000046e-01
1.213999999999999940e-01
1.223599999999999965e-01
1.222400000000000014e-01
1.213599999999999957e-01
1.215999999999999998e-01
1.233599999999999974e-01
1.222400000000000014e-01
1.232000000000000040e-01
1.235600000000000032e-01
1.217599999999999932e-01
1.203599999999999948e-01
1.228800000000000031e-01
1.237599999999999950e-01
1.238800000000000040e-01
1.233999999999999958e-01
1.236399999999999999e-01
1.234399999999999942e-01
1.226799999999999974e-01
1.218800000000000022e-01
1.234399999999999942e-01
1.241600000000000065e-01
1.228400000000000047e-01
1.235200000000000048e-01
1.221200000000000063e-01
1.218400000000000039e-01
1.238400000000000056e-01
1.204800000000000038e-01
1.219599999999999990e-01
1.243999999999999967e-01
1.214400000000000063e-01
1.228800000000000031e-01
1.246799999999999992e-01
1.236399999999999999e-01
1.241600000000000065e-01
1.201200000000000045e-01
1.241600000000000065e-01
1.228000000000000064e-01
1.226799999999999974e-01
1.200800000000000062e-01
1.226399999999999990e-01
1.233599999999999974e-01
1.228400000000000047e-01
1.238800000000000040e-01
1.243200000000000000e-01
1.206799999999999956e-01
1.211600000000000038e-01
1.227199999999999958e-01
1.236399999999999999e-01
1.225200000000000039e-01
1.234800000000000064e-01
1.215999999999999998e-01
1.231199999999999933e-01
1.251599999999999935e-01
1.230799999999999950e-01
1.222799999999999998e-01
1.245200000000000057e-01
1.232000000000000040e-01
1.224399999999999933e-01
1.250400000000000122e-01
1.229599999999999999e-01
1.250400000000000122e-01
1.228800000000000031e-01
1.217599999999999932e-01
1.228800000000000031e-01
1.234399999999999942e-01
1.221200000000000063e-01
1.222799999999999998e-01
1.236000000000000015e-01
1.220799999999999941e-01
1.240799999999999959e-01
1.226799999999999974e-01
1.217599999999999932e-01
1.231199999999999933e-01
1.252800000000000025e-01
1.220799999999999941e-01
1.223599999999999965e-01
1.217599999999999932e-01
1.238800000000000040e-01
1.236000000000000015e-01
1.236000000000000015e-01
1.247199999999999975e-01
1.238800000000000040e-01
1.223999999999999949e-01
1.242800000000000016e-01
1.247999999999999943e-01
1.231199999999999933e-01
1.200800000000000062e-01
1.234399999999999942e-01
1.217199999999999949e-01
1.223999999999999949e-01
1.247199999999999975e-01
1.234800000000000064e-01
1.232000000000000040e-01
1.225200000000000039e-01
1.230799999999999950e-01
1.228800000000000031e-01
1.218800000000000022e-01
1.229999999999999982e-01
1.241600000000000065e-01
1.226799999999999974e-01
1.216399999999999981e-01
1.241199999999999942e-01
1.236000000000000015e-01
1.222400000000000014e-01
1.220399999999999957e-01
1.238800000000000040e-01
1.255999999999999894e-01
1.232000000000000040e-01
1.254399999999999959e-01
1.251599999999999935e-01
1.216799999999999965e-01
1.246799999999999992e-01
1.229599999999999999e-01
1.235200000000000048e-01
1.246000000000000024e-01
1.248800000000000049e-01
1.221200000000000063e-01
1.223599999999999965e-01
1.229200000000000015e-01
1.226399999999999990e-01
1.221200000000000063e-01
1.248400000000000065e-01
1.226399999999999990e-01
1.224399999999999933e-01
1.235200000000000048e-01
1.224800000000000055e-01
1.213999999999999940e-01
1.232800000000000007e-01
1.219599999999999990e-01
1.235600000000000032e-01
1.231600000000000056e-01
1.209599999999999981e-01
1.254399999999999959e-01
1.246000000000000024e-01
1.236799999999999983e-01
1.218800000000000022e-01
1.242400000000000032e-01
1.219999999999999973e-01
1.227199999999999958e-01
1.237199999999999966e-01
1.217199999999999949e-01
1.229999999999999982e-01
1.220799999999999941e-01
1.241199999999999942e-01
1.229200000000000015e-01
1.231600000000000056e-01
1.211200000000000054e-01
1.237999999999999934e-01
1.242400000000000032e-01
1.226000000000000006e-01
1.253599999999999992e-01
1.241199999999999942e-01
1.234800000000000064e-01
1.257600000000000107e-01
1.243999999999999967e-01
1.236799999999999983e-01
1.263600000000000001e-01
1.239600000000000007e-01
1.226000000000000006e-01
1.242800000000000016e-01
1.230799999999999950e-01
1.258799999999999919e-01
1.236799999999999983e-01
1.210399999999999948e-01
1.241199999999999942e-01
1.229599999999999999e-01
1.250000000000000000e-01
1.233599999999999974e-01
1.237999999999999934e-01
1.227599999999999941e-01
1.232400000000000023e-01
1.228400000000000047e-01
1.243200000000000000e-01
1.229999999999999982e-01
1.238800000000000040e-01
1.229599999999999999e-01
1.210799999999999932e-01
1.243599999999999983e-01
1.233999999999999958e-01
1.240799999999999959e-01
1.239200000000000024e-01
1.241199999999999942e-01
1.238400000000000056e-01
1.218400000000000039e-01
1.218800000000000022e-01
1.229999999999999982e-01
1.232400000000000023e-01
1.219599999999999990e-01
1.222799999999999998e-01
1.232000000000000040e-01
1.218400000000000039e-01
1.239200000000000024e-01
1.243999999999999967e-01
1.248800000000000049e-01
1.238800000000000040e-01
1.223599999999999965e-01
1.233199999999999991e-01
1.238800000000000040e-01
1.245200000000000057e-01
1.210399999999999948e-01
1.245600000000000041e-01
1.219599999999999990e-01
1.214800000000000046e-01
1.238400000000000056e-01
1.219999999999999973e-01
1.237199999999999966e-01
1.239999999999999991e-01
1.233999999999999958e-01
1.236000000000000015e-01
1.222799999999999998e-01
1.235600000000000032e-01
1.239600000000000007e-01
1.233999999999999958e-01
1.237999999999999934e-01
1.244399999999999951e-01
1.247999999999999943e-01
1.218400000000000039e-01
1.265999999999999903e-01
1.227599999999999941e-01
1.231199999999999933e-01
1.209599999999999981e-01
1.235200000000000048e-01
1.233599999999999974e-01
1.244399999999999951e-01
1.234800000000000064e-01
1.242800000000000016e-01
1.261200000000000099e-01
1.239600000000000007e-01
1.244799999999999934e-01
1.243200000000000000e-01
1.240399999999999975e-01
1.243599999999999983e-01
1.240799999999999959e-01
1.233199999999999991e-01
1.230399999999999966e-01
1.243599999999999983e-01
1.233999999999999958e-01
1.217199999999999949e-01
1.217599999999999932e-01
1.260000000000000009e-01
1.226799999999999974e-01
1.215999999999999998e-01
1.232800000000000007e-01
1.235600000000000032e-01
1.243999999999999967e-01
1.244399999999999951e-01
1.233599999999999974e-01
1.233999999999999958e-01
1.238400000000000056e-01
1.222400000000000014e-01
1.245200000000000057e-01
1.229599999999999999e-01
1.243599999999999983e-01
1.246799999999999992e-01
1.249200000000000033e-01
1.227599999999999941e-01
1.248400000000000065e-01
1.243200000000000000e-01
1.264399999999999968e-01
1.250000000000000000e-01
1.240399999999999975e-01
1.252399999999999902e-01
1.243599999999999983e-01
1.228000000000000064e-01
1.235200000000000048e-01
1.234399999999999942e-01
1.236399999999999999e-01
1.247199999999999975e-01
1.239999999999999991e-01
1.229599999999999999e-01
1.243200000000000000e-01
1.234399999999999942e-01
1.230799999999999950e-01
1.247599999999999959e-01
1.233999999999999958e-01
1.224399999999999933e-01
1.232800000000000007e-01
1.213999999999999940e-01
1.236399999999999999e-01
1.233599999999999974e-01
1.246799999999999992e-01
1.247599999999999959e-01
1.227199999999999958e-01
1.250799999999999967e-01
1.238800000000000040e-01
1.219599999999999990e-01
1.224399999999999933e-01
1.232800000000000007e-01
1.236399999999999999e-01
1.246400000000000008e-01
1.252399999999999902e-01
1.208800000000000013e-01
1.233199999999999991e-01
1.240799999999999959e-01
1.229599999999999999e-01
1.233599999999999974e-01
1.243999999999999967e-01
1.247999999999999943e-01
1.243599999999999983e-01
1.243999999999999967e-01
1.218000000000000055e-01
1.254800000000000082e-01
1.232400000000000023e-01
1.244799999999999934e-01
1.244399999999999951e-01
1.224800000000000055e-01
1.228800000000000031e-01
1.241600000000000065e-01
1.237199999999999966e-01
1.252800000000000025e-01
1.228400000000000047e-01
1.236000000000000015e-01
1.227199999999999958e-01
1.224800000000000055e-01
1.229999999999999982e-01
1.255600000000000049e-01
1.212799999999999989e-01
1.231600000000000056e-01
1.228800000000000031e-01
1.235600000000000032e-01
1.255999999999999894e-01
1.237599999999999950e-01
1.219999999999999973e-01
1.232400000000000023e-01
1.232800000000000007e-01
1.254399999999999959e-01
1.237999999999999934e-01
1.238400000000000056e-01
1.236399999999999999e-01
1.242800000000000016e-01
1.252000000000000057e-01
1.239600000000000007e-01
1.233599999999999974e-01
1.233599999999999974e-01
1.228400000000000047e-01
1.226799999999999974e-01
1.248800000000000049e-01
1.242800000000000016e-01
1.252399999999999902e-01
1.269200000000000050e-01
1.238400000000000056e-01
1.254399999999999959e-01
1.240799999999999959e-01
1.238800000000000040e-01
1.246000000000000024e-01
1.256400000000000017e-01
1.251599999999999935e-01
1.250799999999999967e-01
