9.779999999999999805e-02
1.011599999999999999e-01
1.003600000000000048e-01
1.017600000000000032e-01
1.006800000000000056e-01
1.018799999999999983e-01
1.023199999999999943e-01
1.029199999999999976e-01
1.021200000000000024e-01
1.026799999999999935e-01
1.028400000000000009e-01
1.013600000000000056e-01
1.031200000000000033e-01
1.023600000000000065e-01
1.012399999999999967e-01
1.025999999999999968e-01
1.025599999999999984e-01
1.033199999999999952e-01
1.009199999999999958e-01
1.020400000000000057e-01
1.039999999999999952e-01
1.025200000000000000e-01
1.037200000000000066e-01
1.007600000000000023e-01
1.044000000000000067e-01
1.034400000000000042e-01
1.045200000000000018e-01
1.034800000000000025e-01
1.019199999999999967e-01
1.038400000000000017e-01
1.038400000000000017e-01
1.022399999999999975e-01
1.032000000000000001e-01
1.024400000000000033e-01
1.016800000000000065e-01
1.040800000000000058e-01
1.035599999999999993e-01
1.045200000000000018e-01
1.021200000000000024e-01
1.019599999999999951e-01
1.043199999999999961e-01
1.051600000000000035e-01
1.030400000000000066e-01
1.023199999999999943e-01
1.038800000000000001e-01
1.011999999999999983e-01
1.031200000000000033e-01
1.023199999999999943e-01
1.039999999999999952e-01
1.019599999999999951e-01
1.031600000000000017e-01
1.018000000000000016e-01
1.053199999999999970e-01
1.047600000000000059e-01
1.039599999999999969e-01
1.021600000000000008e-01
1.032799999999999968e-01
1.023600000000000065e-01
1.044000000000000067e-01
1.047199999999999936e-01
1.031600000000000017e-01
1.035599999999999993e-01
1.022399999999999975e-01
1.053199999999999970e-01
1.029199999999999976e-01
1.041600000000000026e-01
1.020800000000000041e-01
1.024000000000000049e-01
1.037600000000000050e-01
1.029599999999999960e-01
1.035200000000000009e-01
1.048400000000000026e-01
1.017600000000000032e-01
1.047199999999999936e-01
1.039999999999999952e-01
1.045600000000000002e-01
1.039999999999999952e-01
1.053599999999999953e-01
1.029999999999999943e-01
1.044400000000000051e-01
1.056799999999999962e-01
1.031600000000000017e-01
1.058400000000000035e-01
1.040399999999999936e-01
1.050800000000000067e-01
1.028000000000000025e-01
1.037200000000000066e-01
1.037600000000000050e-01
1.029599999999999960e-01
1.029199999999999976e-01
1.022399999999999975e-01
1.029599999999999960e-01
1.047199999999999936e-01
1.058000000000000052e-01
1.034800000000000025e-01
1.029999999999999943e-01
1.041600000000000026e-01
1.042000000000000010e-01
1.039599999999999969e-01
1.041600000000000026e-01
1.043599999999999944e-01
1.035999999999999976e-01
1.033199999999999952e-01
1.021200000000000024e-01
1.058400000000000035e-01
1.049999999999999961e-01
1.043199999999999961e-01
1.056799999999999962e-01
1.030400000000000066e-01
1.064800000000000052e-01
1.032000000000000001e-01
1.038800000000000001e-01
1.050800000000000067e-01
1.032399999999999984e-01
1.044800000000000034e-01
1.042399999999999993e-01
1.026799999999999935e-01
1.055999999999999994e-01
1.031200000000000033e-01
1.046799999999999953e-01
1.047600000000000059e-01
1.044800000000000034e-01
1.056799999999999962e-01
1.053999999999999937e-01
1.049999999999999961e-01
1.055200000000000027e-01
1.046399999999999969e-01
1.044400000000000051e-01
1.031200000000000033e-01
1.054800000000000043e-01
1.054800000000000043e-01
1.046399999999999969e-01
1.047600000000000059e-01
1.049599999999999977e-01
1.052400000000000002e-01
1.031600000000000017e-01
1.039999999999999952e-01
1.058800000000000019e-01
1.050800000000000067e-01
1.065600000000000019e-01
1.044400000000000051e-01
1.042399999999999993e-01
1.038400000000000017e-01
1.040399999999999936e-01
1.029199999999999976e-01
1.039999999999999952e-01
1.036399999999999960e-01
1.038800000000000001e-01
1.028799999999999992e-01
1.050399999999999945e-01
1.045200000000000018e-01
1.060799999999999937e-01
1.063599999999999962e-01
1.036799999999999944e-01
1.049199999999999994e-01
1.044000000000000067e-01
1.050399999999999945e-01
1.051600000000000035e-01
1.036399999999999960e-01
1.064800000000000052e-01
1.075200000000000045e-01
1.043599999999999944e-01
1.035999999999999976e-01
1.043599999999999944e-01
1.035599999999999993e-01
1.030800000000000050e-01
1.055600000000000011e-01
1.044000000000000067e-01
1.055200000000000027e-01
1.066000000000000003e-01
1.055999999999999994e-01
1.055200000000000027e-01
1.050399999999999945e-01
1.024800000000000016e-01
1.042000000000000010e-01
1.027600000000000041e-01
1.050399999999999945e-01
1.045200000000000018e-01
1.028000000000000025e-01
1.024400000000000033e-01
1.064400000000000068e-01
1.042399999999999993e-01
1.066399999999999987e-01
1.048800000000000010e-01
1.049199999999999994e-01
1.029199999999999976e-01
1.054800000000000043e-01
1.052400000000000002e-01
1.046799999999999953e-01
1.055200000000000027e-01
1.039199999999999985e-01
1.058800000000000019e-01
1.055600000000000011e-01
1.048400000000000026e-01
1.049199999999999994e-01
1.036399999999999960e-01
1.056799999999999962e-01
1.035200000000000009e-01
1.041200000000000042e-01
1.056399999999999978e-01
1.053999999999999937e-01
1.043199999999999961e-01
1.038800000000000001e-01
1.059599999999999986e-01
1.049599999999999977e-01
1.063199999999999978e-01
1.035599999999999993e-01
1.043199999999999961e-01
1.045600000000000002e-01
1.048800000000000010e-01
1.049999999999999961e-01
1.024000000000000049e-01
1.050399999999999945e-01
1.049999999999999961e-01
1.045200000000000018e-01
1.023199999999999943e-01
1.046399999999999969e-01
1.042799999999999977e-01
1.049999999999999961e-01
1.030800000000000050e-01
1.048000000000000043e-01
1.042799999999999977e-01
1.040800000000000058e-01
1.058800000000000019e-01
1.044800000000000034e-01
1.041200000000000042e-01
1.038800000000000001e-01
1.032799999999999968e-01
1.047600000000000059e-01
1.041200000000000042e-01
1.055999999999999994e-01
1.036399999999999960e-01
1.045999999999999985e-01
1.056799999999999962e-01
1.048400000000000026e-01
1.043199999999999961e-01
1.037600000000000050e-01
1.038000000000000034e-01
1.030400000000000066e-01
1.048000000000000043e-01
1.046399999999999969e-01
1.042799999999999977e-01
1.048000000000000043e-01
1.052400000000000002e-01
1.041200000000000042e-01
1.028000000000000025e-01
1.046799999999999953e-01
1.039999999999999952e-01
1.041600000000000026e-01
1.038400000000000017e-01
1.047199999999999936e-01
1.040800000000000058e-01
1.046799999999999953e-01
1.044800000000000034e-01
1.046799999999999953e-01
1.055600000000000011e-01
1.061600000000000044e-01
1.054400000000000059e-01
1.057600000000000068e-01
1.043599999999999944e-01
1.038400000000000017e-01
1.048400000000000026e-01
1.025599999999999984e-01
1.035999999999999976e-01
1.052000000000000018e-01
1.027600000000000041e-01
1.025200000000000000e-01
1.049999999999999961e-01
1.043199999999999961e-01
1.039999999999999952e-01
1.067599999999999938e-01
1.058800000000000019e-01
1.020800000000000041e-01
1.061200000000000060e-01
1.058000000000000052e-01
1.048000000000000043e-01
1.037600000000000050e-01
1.045999999999999985e-01
1.048000000000000043e-01
1.050800000000000067e-01
1.057199999999999945e-01
1.041600000000000026e-01
1.062799999999999995e-01
1.046399999999999969e-01
1.058800000000000019e-01
1.045600000000000002e-01
1.034000000000000058e-01
1.042000000000000010e-01
1.044000000000000067e-01
1.034000000000000058e-01
1.053199999999999970e-01
1.056799999999999962e-01
1.040399999999999936e-01
1.045600000000000002e-01
1.031200000000000033e-01
1.062000000000000027e-01
1.060799999999999937e-01
1.040399999999999936e-01
1.038000000000000034e-01
1.049999999999999961e-01
1.049999999999999961e-01
1.059999999999999970e-01
1.047600000000000059e-01
1.055600000000000011e-01
1.043599999999999944e-01
1.035599999999999993e-01
1.034000000000000058e-01
1.036799999999999944e-01
1.036799999999999944e-01
1.066000000000000003e-01
1.058400000000000035e-01
1.042399999999999993e-01
1.038000000000000034e-01
1.033599999999999935e-01
1.040399999999999936e-01
1.031200000000000033e-01
1.034400000000000042e-01
1.042799999999999977e-01
1.058000000000000052e-01
1.047600000000000059e-01
1.043599999999999944e-01
1.041200000000000042e-01
1.045600000000000002e-01
1.046399999999999969e-01
1.011599999999999999e-01
1.044400000000000051e-01
1.041600000000000026e-01
1.053999999999999937e-01
1.060399999999999954e-01
1.059200000000000003e-01
1.034000000000000058e-01
1.043599999999999944e-01
1.053999999999999937e-01
1.051200000000000051e-01
1.038000000000000034e-01
1.043199999999999961e-01
1.034400000000000042e-01
1.039199999999999985e-01
1.039999999999999952e-01
1.037200000000000066e-01
1.039199999999999985e-01
1.052000000000000018e-01
1.058000000000000052e-01
1.041200000000000042e-01
1.048000000000000043e-01
1.037600000000000050e-01
1.038000000000000034e-01
1.033599999999999935e-01
1.039199999999999985e-01
1.030400000000000066e-01
1.067199999999999954e-01
1.052400000000000002e-01
1.031200000000000033e-01
1.055600000000000011e-01
1.064400000000000068e-01
1.032399999999999984e-01
1.052000000000000018e-01
1.039599999999999969e-01
1.025599999999999984e-01
1.044000000000000067e-01
1.042799999999999977e-01
1.045600000000000002e-01
1.057199999999999945e-01
1.052799999999999986e-01
1.044400000000000051e-01
1.036399999999999960e-01
1.049599999999999977e-01
1.035999999999999976e-01
1.046399999999999969e-01
1.057199999999999945e-01
1.038000000000000034e-01
1.046399999999999969e-01
1.044000000000000067e-01
1.042000000000000010e-01
1.043599999999999944e-01
1.055999999999999994e-01
1.051200000000000051e-01
1.039599999999999969e-01
1.047199999999999936e-01
1.045200000000000018e-01
1.064400000000000068e-01
1.055200000000000027e-01
1.055600000000000011e-01
1.039599999999999969e-01
1.060799999999999937e-01
1.063199999999999978e-01
1.065200000000000036e-01
1.046399999999999969e-01
1.054800000000000043e-01
1.072000000000000036e-01
1.037200000000000066e-01
1.055999999999999994e-01
1.028400000000000009e-01
1.045999999999999985e-01
1.068000000000000060e-01
1.049999999999999961e-01
1.050399999999999945e-01
1.052799999999999986e-01
1.080399999999999971e-01
1.050399999999999945e-01
1.043199999999999961e-01
1.064400000000000068e-01
1.048800000000000010e-01
1.058000000000000052e-01
1.049199999999999994e-01
1.052000000000000018e-01
1.045600000000000002e-01
1.041200000000000042e-01
1.026799999999999935e-01
1.046799999999999953e-01
1.054400000000000059e-01
1.050399999999999945e-01
1.046399999999999969e-01
1.032799999999999968e-01
1.044800000000000034e-01
1.040399999999999936e-01
1.030400000000000066e-01
1.028400000000000009e-01
1.044000000000000067e-01
1.058800000000000019e-01
1.061200000000000060e-01
1.054400000000000059e-01
1.038400000000000017e-01
1.046399999999999969e-01
1.057600000000000068e-01
1.047600000000000059e-01
1.033599999999999935e-01
1.042000000000000010e-01
1.041600000000000026e-01
1.044000000000000067e-01
1.057600000000000068e-01
1.044000000000000067e-01
1.025599999999999984e-01
1.045600000000000002e-01
1.051600000000000035e-01
1.052799999999999986e-01
1.040399999999999936e-01
1.039999999999999952e-01
1.033599999999999935e-01
1.039999999999999952e-01
1.029999999999999943e-01
1.052400000000000002e-01
1.053999999999999937e-01
1.061600000000000044e-01
1.055200000000000027e-01
1.038400000000000017e-01
1.040800000000000058e-01
1.044800000000000034e-01
1.048400000000000026e-01
1.051600000000000035e-01
1.040800000000000058e-01
1.070399999999999963e-01
1.053599999999999953e-01
1.041600000000000026e-01
1.048400000000000026e-01
1.038800000000000001e-01
1.035999999999999976e-01
1.034800000000000025e-01
1.046799999999999953e-01
1.036399999999999960e-01
1.022399999999999975e-01
1.046399999999999969e-01
1.040399999999999936e-01
1.048800000000000010e-01
1.050399999999999945e-01
1.048800000000000010e-01
1.033599999999999935e-01
1.042799999999999977e-01
1.045200000000000018e-01
1.042399999999999993e-01
1.045200000000000018e-01
1.035599999999999993e-01
1.048400000000000026e-01
1.052799999999999986e-01
1.045200000000000018e-01
1.037600000000000050e-01
1.036399999999999960e-01
1.042000000000000010e-01
1.048000000000000043e-01
1.044000000000000067e-01
1.033199999999999952e-01
1.045600000000000002e-01
1.039999999999999952e-01
1.036799999999999944e-01
1.044800000000000034e-01
1.052799999999999986e-01
1.050800000000000067e-01
1.059200000000000003e-01
1.040800000000000058e-01
1.034400000000000042e-01
1.042000000000000010e-01
1.051600000000000035e-01
1.052400000000000002e-01
1.041600000000000026e-01
1.047199999999999936e-01
1.059999999999999970e-01
1.050399999999999945e-01
1.061200000000000060e-01
1.035200000000000009e-01
1.052799999999999986e-01
