1.002399999999999958e-01
1.038400000000000017e-01
1.052799999999999986e-01
1.063999999999999946e-01
1.057600000000000068e-01
1.035599999999999993e-01
1.066799999999999971e-01
1.059999999999999970e-01
1.058000000000000052e-01
1.072000000000000036e-01
1.062799999999999995e-01
1.054800000000000043e-01
1.050800000000000067e-01
1.035599999999999993e-01
1.053199999999999970e-01
1.055999999999999994e-01
1.053199999999999970e-01
1.061200000000000060e-01
1.060799999999999937e-01
1.070399999999999963e-01
1.058400000000000035e-01
1.062400000000000011e-01
1.060399999999999954e-01
1.058800000000000019e-01
1.048800000000000010e-01
1.072000000000000036e-01
1.052799999999999986e-01
1.069599999999999995e-01
1.068400000000000044e-01
1.066000000000000003e-01
1.050800000000000067e-01
1.040800000000000058e-01
1.034800000000000025e-01
1.055200000000000027e-01
1.053199999999999970e-01
1.047199999999999936e-01
1.064800000000000052e-01
1.060799999999999937e-01
1.070399999999999963e-01
1.081600000000000061e-01
1.075200000000000045e-01
1.079200000000000020e-01
1.058400000000000035e-01
1.061600000000000044e-01
1.065200000000000036e-01
1.060799999999999937e-01
1.060799999999999937e-01
1.065200000000000036e-01
1.061200000000000060e-01
1.069599999999999995e-01
1.045999999999999985e-01
1.073599999999999971e-01
1.075600000000000028e-01
1.052000000000000018e-01
1.064400000000000068e-01
1.068400000000000044e-01
1.054400000000000059e-01
1.066399999999999987e-01
1.060799999999999937e-01
1.061200000000000060e-01
1.077599999999999947e-01
1.078800000000000037e-01
1.076399999999999996e-01
1.066399999999999987e-01
1.055600000000000011e-01
1.077599999999999947e-01
1.054400000000000059e-01
1.052000000000000018e-01
1.076399999999999996e-01
1.078800000000000037e-01
1.054400000000000059e-01
1.062400000000000011e-01
1.068000000000000060e-01
1.044400000000000051e-01
1.076799999999999979e-01
1.059200000000000003e-01
1.066799999999999971e-01
1.071200000000000069e-01
1.080399999999999971e-01
1.055999999999999994e-01
1.076000000000000012e-01
1.070399999999999963e-01
1.084799999999999931e-01
1.039599999999999969e-01
1.070399999999999963e-01
1.079600000000000004e-01
1.083999999999999964e-01
1.041600000000000026e-01
1.048800000000000010e-01
1.052000000000000018e-01
1.095200000000000062e-01
1.072000000000000036e-01
1.053199999999999970e-01
1.080799999999999955e-01
1.082800000000000012e-01
1.060799999999999937e-01
1.059200000000000003e-01
1.060399999999999954e-01
1.073599999999999971e-01
1.061600000000000044e-01
1.067599999999999938e-01
1.068400000000000044e-01
1.058800000000000019e-01
1.063599999999999962e-01
1.048000000000000043e-01
1.057600000000000068e-01
1.066399999999999987e-01
1.061600000000000044e-01
1.066799999999999971e-01
1.050800000000000067e-01
1.078800000000000037e-01
1.072800000000000004e-01
1.089999999999999997e-01
1.062400000000000011e-01
1.063599999999999962e-01
1.066399999999999987e-01
1.080399999999999971e-01
1.058400000000000035e-01
1.059200000000000003e-01
1.066799999999999971e-01
1.065600000000000019e-01
1.066000000000000003e-01
1.056399999999999978e-01
1.062000000000000027e-01
1.055600000000000011e-01
1.071600000000000052e-01
1.046399999999999969e-01
1.069200000000000012e-01
1.047199999999999936e-01
1.080799999999999955e-01
1.068800000000000028e-01
1.048800000000000010e-01
1.071200000000000069e-01
1.076399999999999996e-01
1.069200000000000012e-01
1.079600000000000004e-01
1.076000000000000012e-01
1.069200000000000012e-01
1.072400000000000020e-01
1.077199999999999963e-01
1.063199999999999978e-01
1.070799999999999946e-01
1.070399999999999963e-01
1.061600000000000044e-01
1.077199999999999963e-01
1.097199999999999981e-01
1.063599999999999962e-01
1.065600000000000019e-01
1.077599999999999947e-01
1.050399999999999945e-01
1.063599999999999962e-01
1.052400000000000002e-01
1.079600000000000004e-01
1.062400000000000011e-01
1.070399999999999963e-01
1.081600000000000061e-01
1.062000000000000027e-01
1.087999999999999939e-01
1.072000000000000036e-01
1.069999999999999979e-01
1.057199999999999945e-01
1.076799999999999979e-01
1.068000000000000060e-01
1.063599999999999962e-01
1.085600000000000037e-01
1.061200000000000060e-01
1.070399999999999963e-01
1.069599999999999995e-01
1.068400000000000044e-01
1.095600000000000046e-01
1.066399999999999987e-01
1.064400000000000068e-01
1.071600000000000052e-01
1.084799999999999931e-01
1.065600000000000019e-01
1.096799999999999997e-01
1.055200000000000027e-01
1.076399999999999996e-01
1.086400000000000005e-01
1.069200000000000012e-01
1.069999999999999979e-01
1.065600000000000019e-01
1.066799999999999971e-01
1.062799999999999995e-01
1.053199999999999970e-01
1.055999999999999994e-01
1.057199999999999945e-01
1.077599999999999947e-01
1.066799999999999971e-01
1.059200000000000003e-01
1.065600000000000019e-01
1.064400000000000068e-01
1.078800000000000037e-01
1.063199999999999978e-01
1.073999999999999955e-01
1.077199999999999963e-01
1.077599999999999947e-01
1.057199999999999945e-01
1.064400000000000068e-01
1.071200000000000069e-01
1.074399999999999938e-01
1.067599999999999938e-01
1.063999999999999946e-01
1.059200000000000003e-01
1.066399999999999987e-01
1.069999999999999979e-01
1.087199999999999972e-01
1.071200000000000069e-01
1.070799999999999946e-01
1.070399999999999963e-01
1.074399999999999938e-01
1.083999999999999964e-01
1.073999999999999955e-01
1.058000000000000052e-01
1.073999999999999955e-01
1.060399999999999954e-01
1.069599999999999995e-01
1.067199999999999954e-01
1.072800000000000004e-01
1.071600000000000052e-01
1.055999999999999994e-01
1.080799999999999955e-01
1.055200000000000027e-01
1.081199999999999939e-01
1.067199999999999954e-01
1.064800000000000052e-01
1.073599999999999971e-01
1.072400000000000020e-01
1.045999999999999985e-01
1.062000000000000027e-01
1.075200000000000045e-01
1.050800000000000067e-01
1.078800000000000037e-01
1.078400000000000053e-01
1.072400000000000020e-01
1.068800000000000028e-01
1.071200000000000069e-01
1.083999999999999964e-01
1.064400000000000068e-01
1.073599999999999971e-01
1.059200000000000003e-01
1.056799999999999962e-01
1.056799999999999962e-01
1.085600000000000037e-01
1.073599999999999971e-01
1.076399999999999996e-01
1.083999999999999964e-01
1.077199999999999963e-01
1.055600000000000011e-01
1.083199999999999996e-01
1.085600000000000037e-01
1.082000000000000045e-01
1.069599999999999995e-01
1.068400000000000044e-01
1.058400000000000035e-01
1.069599999999999995e-01
1.084399999999999947e-01
1.069599999999999995e-01
1.071600000000000052e-01
1.061200000000000060e-01
1.084399999999999947e-01
1.073199999999999987e-01
1.063199999999999978e-01
1.083999999999999964e-01
1.052799999999999986e-01
1.061200000000000060e-01
1.066000000000000003e-01
1.082400000000000029e-01
1.080399999999999971e-01
1.073599999999999971e-01
1.054800000000000043e-01
1.059200000000000003e-01
1.071600000000000052e-01
1.069200000000000012e-01
1.071600000000000052e-01
1.079600000000000004e-01
1.073199999999999987e-01
1.085200000000000053e-01
1.072800000000000004e-01
1.062799999999999995e-01
1.083999999999999964e-01
1.069200000000000012e-01
1.090799999999999964e-01
1.061600000000000044e-01
1.082400000000000029e-01
1.083199999999999996e-01
1.071600000000000052e-01
1.070399999999999963e-01
1.066399999999999987e-01
1.065200000000000036e-01
1.068000000000000060e-01
1.077199999999999963e-01
1.071600000000000052e-01
1.092000000000000054e-01
1.073199999999999987e-01
1.071200000000000069e-01
1.062000000000000027e-01
1.058800000000000019e-01
1.086400000000000005e-01
1.043199999999999961e-01
1.088800000000000046e-01
1.071200000000000069e-01
1.067199999999999954e-01
1.063199999999999978e-01
1.071200000000000069e-01
1.082400000000000029e-01
1.073199999999999987e-01
1.073599999999999971e-01
1.060399999999999954e-01
1.093200000000000005e-01
1.079999999999999988e-01
1.059599999999999986e-01
1.083199999999999996e-01
1.055600000000000011e-01
1.060399999999999954e-01
1.078400000000000053e-01
1.056799999999999962e-01
1.055999999999999994e-01
1.064400000000000068e-01
1.073999999999999955e-01
1.068400000000000044e-01
1.073199999999999987e-01
1.078000000000000069e-01
1.071600000000000052e-01
1.073599999999999971e-01
1.073199999999999987e-01
1.091199999999999948e-01
1.075200000000000045e-01
1.088400000000000062e-01
1.067599999999999938e-01
1.070799999999999946e-01
1.080399999999999971e-01
1.058800000000000019e-01
1.087199999999999972e-01
1.081600000000000061e-01
1.083599999999999980e-01
1.059999999999999970e-01
1.085600000000000037e-01
1.069599999999999995e-01
1.070399999999999963e-01
1.090399999999999980e-01
1.082800000000000012e-01
1.062400000000000011e-01
1.070799999999999946e-01
1.078800000000000037e-01
1.064400000000000068e-01
1.082400000000000029e-01
1.064800000000000052e-01
1.074800000000000061e-01
1.065200000000000036e-01
1.078800000000000037e-01
1.069999999999999979e-01
1.082800000000000012e-01
1.063599999999999962e-01
1.068400000000000044e-01
1.071600000000000052e-01
1.065200000000000036e-01
1.073999999999999955e-01
1.060799999999999937e-01
1.077599999999999947e-01
1.074399999999999938e-01
1.058400000000000035e-01
1.097599999999999965e-01
1.073599999999999971e-01
1.077199999999999963e-01
1.066000000000000003e-01
1.056399999999999978e-01
1.060799999999999937e-01
1.083599999999999980e-01
1.084399999999999947e-01
1.085200000000000053e-01
1.071200000000000069e-01
1.065600000000000019e-01
1.069200000000000012e-01
1.090799999999999964e-01
1.063199999999999978e-01
1.063599999999999962e-01
1.071600000000000052e-01
1.065200000000000036e-01
1.066000000000000003e-01
1.072400000000000020e-01
1.066799999999999971e-01
1.081600000000000061e-01
1.076000000000000012e-01
1.072000000000000036e-01
1.079600000000000004e-01
1.069999999999999979e-01
1.079200000000000020e-01
1.083199999999999996e-01
1.069200000000000012e-01
1.071600000000000052e-01
1.092400000000000038e-01
1.086400000000000005e-01
1.064400000000000068e-01
1.073199999999999987e-01
1.082000000000000045e-01
1.057600000000000068e-01
1.093999999999999972e-01
1.080399999999999971e-01
1.070799999999999946e-01
1.081600000000000061e-01
1.078400000000000053e-01
1.066399999999999987e-01
1.089999999999999997e-01
1.082000000000000045e-01
1.070399999999999963e-01
1.073999999999999955e-01
1.078000000000000069e-01
1.054800000000000043e-01
1.071200000000000069e-01
1.060399999999999954e-01
1.075200000000000045e-01
1.073999999999999955e-01
1.072400000000000020e-01
1.079200000000000020e-01
1.086799999999999988e-01
1.066000000000000003e-01
1.076000000000000012e-01
1.085200000000000053e-01
1.070799999999999946e-01
1.077599999999999947e-01
1.069999999999999979e-01
1.050800000000000067e-01
1.073599999999999971e-01
1.082400000000000029e-01
1.052400000000000002e-01
1.087199999999999972e-01
1.053599999999999953e-01
1.076799999999999979e-01
1.056799999999999962e-01
1.074800000000000061e-01
1.059200000000000003e-01
1.069999999999999979e-01
1.076399999999999996e-01
1.076399999999999996e-01
1.062799999999999995e-01
1.076399999999999996e-01
1.066799999999999971e-01
1.069599999999999995e-01
1.079200000000000020e-01
1.091599999999999931e-01
1.063599999999999962e-01
1.062400000000000011e-01
1.075200000000000045e-01
1.075600000000000028e-01
1.075200000000000045e-01
1.061200000000000060e-01
1.072000000000000036e-01
1.075200000000000045e-01
1.068800000000000028e-01
1.081199999999999939e-01
1.070799999999999946e-01
1.055600000000000011e-01
1.070399999999999963e-01
1.056799999999999962e-01
1.086400000000000005e-01
1.061600000000000044e-01
1.062799999999999995e-01
1.072000000000000036e-01
1.066399999999999987e-01
1.084399999999999947e-01
1.076399999999999996e-01
1.057199999999999945e-01
1.073999999999999955e-01
1.057199999999999945e-01
1.083599999999999980e-01
1.090799999999999964e-01
1.083599999999999980e-01
1.067599999999999938e-01
1.076000000000000012e-01
1.075600000000000028e-01
1.059200000000000003e-01
1.080399999999999971e-01
1.072400000000000020e-01
1.063999999999999946e-01
1.078000000000000069e-01
1.072000000000000036e-01
1.076399999999999996e-01
1.067599999999999938e-01
1.075600000000000028e-01
1.069200000000000012e-01
1.089200000000000029e-01
1.069599999999999995e-01
1.062400000000000011e-01
1.080399999999999971e-01
1.080399999999999971e-01
1.072400000000000020e-01
1.069999999999999979e-01
1.072000000000000036e-01
1.072400000000000020e-01
1.097199999999999981e-01
1.062400000000000011e-01
1.065200000000000036e-01
1.059999999999999970e-01
1.079200000000000020e-01
1.069999999999999979e-01
1.062400000000000011e-01
1.072000000000000036e-01
1.089600000000000013e-01
1.068400000000000044e-01
