9.909999999999999365e-02
1.231000000000000011e-01
1.267999999999999960e-01
1.275000000000000022e-01
1.288999999999999868e-01
1.307000000000000106e-01
1.310999999999999943e-01
1.368000000000000049e-01
1.338999999999999913e-01
1.328000000000000014e-01
1.371999999999999886e-01
1.378999999999999948e-01
1.373000000000000054e-01
1.351999999999999869e-01
1.368000000000000049e-01
1.376000000000000001e-01
1.371999999999999886e-01
1.419999999999999873e-01
1.365999999999999992e-01
1.363999999999999935e-01
1.370000000000000107e-01
1.416000000000000036e-01
1.418999999999999984e-01
1.393000000000000071e-01
1.434999999999999887e-01
1.408000000000000085e-01
1.418000000000000094e-01
1.403000000000000080e-01
1.428000000000000103e-01
1.421000000000000041e-01
1.408999999999999975e-01
1.421999999999999931e-01
1.426000000000000045e-01
1.423999999999999988e-01
1.414999999999999869e-01
1.433999999999999997e-01
1.436000000000000054e-01
1.436999999999999944e-01
1.459999999999999909e-01
1.433999999999999997e-01
1.433000000000000107e-01
1.446999999999999953e-01
1.436000000000000054e-01
1.438000000000000111e-01
1.428999999999999992e-01
1.418000000000000094e-01
1.451999999999999957e-01
1.426999999999999935e-01
1.424999999999999878e-01
1.426000000000000045e-01
1.446999999999999953e-01
1.419999999999999873e-01
1.423000000000000098e-01
1.459000000000000019e-01
1.477999999999999869e-01
1.428999999999999992e-01
1.446000000000000063e-01
1.441000000000000059e-01
1.434999999999999887e-01
1.464999999999999913e-01
1.443000000000000116e-01
1.468000000000000138e-01
1.441999999999999948e-01
1.431000000000000050e-01
1.444999999999999896e-01
1.433999999999999997e-01
1.439999999999999891e-01
1.459999999999999909e-01
1.433999999999999997e-01
1.477999999999999869e-01
1.454999999999999905e-01
1.439000000000000001e-01
1.454999999999999905e-01
1.484999999999999931e-01
1.468000000000000138e-01
1.468000000000000138e-01
1.458000000000000129e-01
1.463000000000000134e-01
1.481000000000000094e-01
1.459000000000000019e-01
1.429999999999999882e-01
1.449000000000000010e-01
1.474000000000000032e-01
1.469000000000000028e-01
1.476000000000000090e-01
1.461999999999999966e-01
1.496999999999999997e-01
1.451999999999999957e-01
1.507000000000000006e-01
1.466999999999999971e-01
1.461999999999999966e-01
1.461999999999999966e-01
1.491999999999999993e-01
1.454999999999999905e-01
1.474999999999999922e-01
1.476999999999999980e-01
1.472999999999999865e-01
1.499999999999999944e-01
1.468000000000000138e-01
1.468000000000000138e-01
1.479999999999999927e-01
1.474999999999999922e-01
1.471000000000000085e-01
1.494999999999999940e-01
1.486999999999999988e-01
1.469999999999999918e-01
1.491999999999999993e-01
1.496999999999999997e-01
1.487999999999999878e-01
1.496999999999999997e-01
1.492999999999999883e-01
1.499999999999999944e-01
1.451999999999999957e-01
1.464999999999999913e-01
1.472999999999999865e-01
1.497999999999999887e-01
1.487999999999999878e-01
1.489000000000000046e-01
1.481999999999999984e-01
1.506000000000000116e-01
1.484999999999999931e-01
1.489000000000000046e-01
1.489999999999999936e-01
1.466999999999999971e-01
1.481999999999999984e-01
1.507999999999999896e-01
1.494999999999999940e-01
1.466000000000000081e-01
1.479000000000000037e-01
1.479999999999999927e-01
1.526000000000000134e-01
1.514000000000000068e-01
1.477999999999999869e-01
1.491000000000000103e-01
1.487999999999999878e-01
1.492999999999999883e-01
1.489999999999999936e-01
1.482999999999999874e-01
1.489000000000000046e-01
1.481999999999999984e-01
1.489999999999999936e-01
1.522999999999999909e-01
1.514000000000000068e-01
1.482999999999999874e-01
1.489999999999999936e-01
1.496000000000000107e-01
1.497999999999999887e-01
1.504000000000000059e-01
1.501000000000000112e-01
1.514000000000000068e-01
1.497999999999999887e-01
1.511000000000000121e-01
1.496999999999999997e-01
1.469000000000000028e-01
1.507999999999999896e-01
1.519000000000000072e-01
1.486000000000000099e-01
1.542999999999999927e-01
1.484000000000000041e-01
1.489000000000000046e-01
1.487999999999999878e-01
1.509999999999999953e-01
1.476000000000000090e-01
1.484000000000000041e-01
1.489999999999999936e-01
1.499999999999999944e-01
1.502000000000000002e-01
1.481999999999999984e-01
1.517999999999999905e-01
1.516000000000000125e-01
1.512000000000000011e-01
1.529000000000000081e-01
1.514999999999999958e-01
1.492999999999999883e-01
1.527999999999999914e-01
1.521000000000000130e-01
1.521000000000000130e-01
1.512999999999999901e-01
1.527000000000000024e-01
1.549000000000000099e-01
1.509999999999999953e-01
1.491000000000000103e-01
1.481000000000000094e-01
1.527000000000000024e-01
1.514000000000000068e-01
1.501000000000000112e-01
1.531000000000000139e-01
1.496000000000000107e-01
1.517999999999999905e-01
1.499999999999999944e-01
1.472999999999999865e-01
1.489000000000000046e-01
1.512999999999999901e-01
1.484999999999999931e-01
1.522000000000000020e-01
1.542999999999999927e-01
1.507999999999999896e-01
1.482999999999999874e-01
1.524999999999999967e-01
1.502999999999999892e-01
1.491000000000000103e-01
1.482999999999999874e-01
1.507000000000000006e-01
1.527999999999999914e-01
1.479999999999999927e-01
1.522999999999999909e-01
1.496999999999999997e-01
1.517000000000000015e-01
1.526000000000000134e-01
1.522999999999999909e-01
1.522000000000000020e-01
1.496999999999999997e-01
1.542000000000000037e-01
1.532000000000000028e-01
1.544000000000000095e-01
1.516000000000000125e-01
1.517000000000000015e-01
1.509000000000000064e-01
1.527999999999999914e-01
1.516000000000000125e-01
1.522000000000000020e-01
1.516000000000000125e-01
1.509999999999999953e-01
1.504000000000000059e-01
1.537999999999999923e-01
1.527000000000000024e-01
1.537000000000000033e-01
1.555999999999999883e-01
1.550999999999999879e-01
1.509000000000000064e-01
1.527000000000000024e-01
1.529999999999999971e-01
1.512999999999999901e-01
1.517000000000000015e-01
1.507999999999999896e-01
1.519000000000000072e-01
1.494999999999999940e-01
1.514999999999999958e-01
1.509000000000000064e-01
1.542999999999999927e-01
1.519000000000000072e-01
1.537000000000000033e-01
1.531000000000000139e-01
1.501000000000000112e-01
1.522000000000000020e-01
1.522999999999999909e-01
1.507000000000000006e-01
1.537000000000000033e-01
1.517999999999999905e-01
1.502000000000000002e-01
1.502999999999999892e-01
1.511000000000000121e-01
1.526000000000000134e-01
1.502000000000000002e-01
1.491999999999999993e-01
1.532000000000000028e-01
1.517999999999999905e-01
1.554000000000000103e-01
1.522000000000000020e-01
1.514999999999999958e-01
1.537000000000000033e-01
1.494999999999999940e-01
1.522000000000000020e-01
1.544999999999999984e-01
1.517000000000000015e-01
1.539999999999999980e-01
1.517999999999999905e-01
1.534000000000000086e-01
1.537999999999999923e-01
1.534000000000000086e-01
1.514000000000000068e-01
1.522999999999999909e-01
1.532999999999999918e-01
1.514999999999999958e-01
1.507999999999999896e-01
1.552999999999999936e-01
1.516000000000000125e-01
1.527000000000000024e-01
1.535999999999999865e-01
1.504999999999999949e-01
1.562000000000000055e-01
1.524999999999999967e-01
1.549999999999999989e-01
1.466999999999999971e-01
1.511000000000000121e-01
1.526000000000000134e-01
1.539000000000000090e-01
1.504999999999999949e-01
1.527999999999999914e-01
1.531000000000000139e-01
1.527999999999999914e-01
1.527000000000000024e-01
1.509999999999999953e-01
1.534999999999999976e-01
1.555999999999999883e-01
1.531000000000000139e-01
1.511000000000000121e-01
1.537999999999999923e-01
1.547999999999999932e-01
1.529000000000000081e-01
1.529000000000000081e-01
1.514999999999999958e-01
1.527000000000000024e-01
1.540999999999999870e-01
1.552999999999999936e-01
1.526000000000000134e-01
1.544999999999999984e-01
1.534999999999999976e-01
1.537000000000000033e-01
1.524999999999999967e-01
1.547999999999999932e-01
1.524000000000000077e-01
1.526000000000000134e-01
1.522000000000000020e-01
1.539000000000000090e-01
1.512999999999999901e-01
1.572999999999999954e-01
1.559999999999999998e-01
1.567000000000000060e-01
1.517000000000000015e-01
1.542999999999999927e-01
1.549000000000000099e-01
1.552999999999999936e-01
1.577000000000000068e-01
1.526000000000000134e-01
1.516000000000000125e-01
1.544999999999999984e-01
1.539000000000000090e-01
1.532000000000000028e-01
1.514000000000000068e-01
1.516000000000000125e-01
1.522999999999999909e-01
1.552000000000000046e-01
1.502000000000000002e-01
1.529000000000000081e-01
1.537000000000000033e-01
1.529000000000000081e-01
1.509999999999999953e-01
1.534000000000000086e-01
1.562000000000000055e-01
1.529000000000000081e-01
1.570999999999999897e-01
1.527000000000000024e-01
1.522000000000000020e-01
1.522000000000000020e-01
1.512000000000000011e-01
1.537999999999999923e-01
1.549999999999999989e-01
1.542000000000000037e-01
1.534000000000000086e-01
1.532000000000000028e-01
1.507000000000000006e-01
1.557000000000000051e-01
1.524999999999999967e-01
1.580000000000000016e-01
1.522999999999999909e-01
1.540999999999999870e-01
1.585000000000000020e-01
1.534999999999999976e-01
1.531000000000000139e-01
1.526000000000000134e-01
1.529999999999999971e-01
1.532000000000000028e-01
1.542000000000000037e-01
1.534999999999999976e-01
1.562999999999999945e-01
1.547000000000000042e-01
1.554000000000000103e-01
1.545999999999999874e-01
1.562999999999999945e-01
1.502999999999999892e-01
1.534000000000000086e-01
1.542999999999999927e-01
1.532999999999999918e-01
1.572999999999999954e-01
1.502999999999999892e-01
1.529000000000000081e-01
1.554999999999999993e-01
1.542999999999999927e-01
1.531000000000000139e-01
1.524999999999999967e-01
1.549000000000000099e-01
1.574000000000000121e-01
1.565000000000000002e-01
1.519999999999999962e-01
1.532000000000000028e-01
1.554999999999999993e-01
1.547000000000000042e-01
1.522999999999999909e-01
1.562999999999999945e-01
1.559000000000000108e-01
1.559000000000000108e-01
1.534000000000000086e-01
1.542000000000000037e-01
1.527000000000000024e-01
1.545999999999999874e-01
1.554000000000000103e-01
1.555999999999999883e-01
1.527000000000000024e-01
1.560999999999999888e-01
1.542999999999999927e-01
1.527999999999999914e-01
1.549999999999999989e-01
1.562000000000000055e-01
1.509999999999999953e-01
1.522999999999999909e-01
1.560999999999999888e-01
1.577999999999999958e-01
1.532999999999999918e-01
1.534999999999999976e-01
1.554999999999999993e-01
1.552000000000000046e-01
1.524999999999999967e-01
1.564000000000000112e-01
1.567999999999999949e-01
1.547999999999999932e-01
1.529999999999999971e-01
1.499000000000000055e-01
1.560999999999999888e-01
1.557000000000000051e-01
1.554999999999999993e-01
1.569000000000000117e-01
1.542999999999999927e-01
1.534999999999999976e-01
1.560999999999999888e-01
1.537999999999999923e-01
1.539999999999999980e-01
1.590000000000000024e-01
1.544999999999999984e-01
1.552000000000000046e-01
1.511000000000000121e-01
1.544000000000000095e-01
1.555999999999999883e-01
1.554999999999999993e-01
1.547000000000000042e-01
1.537999999999999923e-01
1.554999999999999993e-01
1.572000000000000064e-01
1.552000000000000046e-01
1.527000000000000024e-01
1.547000000000000042e-01
1.562000000000000055e-01
1.545999999999999874e-01
1.565000000000000002e-01
1.540999999999999870e-01
1.575999999999999901e-01
1.539000000000000090e-01
1.537999999999999923e-01
1.544999999999999984e-01
1.527000000000000024e-01
1.590000000000000024e-01
1.585999999999999910e-01
1.517000000000000015e-01
1.560999999999999888e-01
1.529999999999999971e-01
1.557000000000000051e-01
1.532999999999999918e-01
1.570000000000000007e-01
1.522999999999999909e-01
1.555999999999999883e-01
1.570999999999999897e-01
1.564000000000000112e-01
1.557000000000000051e-01
1.565999999999999892e-01
1.532999999999999918e-01
1.559999999999999998e-01
1.529000000000000081e-01
1.575000000000000011e-01
1.552999999999999936e-01
1.531000000000000139e-01
1.517000000000000015e-01
1.539999999999999980e-01
1.562999999999999945e-01
1.557999999999999940e-01
1.545999999999999874e-01
1.559000000000000108e-01
1.537999999999999923e-01
1.549000000000000099e-01
1.554000000000000103e-01
1.534000000000000086e-01
1.567999999999999949e-01
1.554000000000000103e-01
1.552000000000000046e-01
1.565000000000000002e-01
1.569000000000000117e-01
1.517000000000000015e-01
1.524000000000000077e-01
1.542000000000000037e-01
1.529999999999999971e-01
1.549999999999999989e-01
1.554999999999999993e-01
1.572999999999999954e-01
1.575999999999999901e-01
1.549000000000000099e-01
1.559000000000000108e-01
1.557999999999999940e-01
1.545999999999999874e-01
1.575000000000000011e-01
1.577000000000000068e-01
1.580000000000000016e-01
