9.919999999999999651e-02
1.063000000000000056e-01
1.078999999999999959e-01
1.129000000000000004e-01
1.132999999999999979e-01
1.159000000000000030e-01
1.137999999999999984e-01
1.180999999999999966e-01
1.116999999999999937e-01
1.136999999999999955e-01
1.156999999999999973e-01
1.156999999999999973e-01
1.147999999999999993e-01
1.156999999999999973e-01
1.140000000000000041e-01
1.170999999999999958e-01
1.190999999999999975e-01
1.159000000000000030e-01
1.197000000000000008e-01
1.149000000000000021e-01
1.158000000000000002e-01
1.170000000000000068e-01
1.161999999999999977e-01
1.149000000000000021e-01
1.146999999999999964e-01
1.180999999999999966e-01
1.161999999999999977e-01
1.199000000000000066e-01
1.146999999999999964e-01
1.179999999999999938e-01
1.189000000000000057e-01
1.193000000000000033e-01
1.222000000000000031e-01
1.198000000000000037e-01
1.185999999999999971e-01
1.161999999999999977e-01
1.156999999999999973e-01
1.200999999999999984e-01
1.193000000000000033e-01
1.190999999999999975e-01
1.189000000000000057e-01
1.197000000000000008e-01
1.207000000000000017e-01
1.189000000000000057e-01
1.202000000000000013e-01
1.218000000000000055e-01
1.205999999999999989e-01
1.189000000000000057e-01
1.181999999999999995e-01
1.173000000000000015e-01
1.202000000000000013e-01
1.202000000000000013e-01
1.200999999999999984e-01
1.200999999999999984e-01
1.179999999999999938e-01
1.200999999999999984e-01
1.189999999999999947e-01
1.185999999999999971e-01
1.202000000000000013e-01
1.227000000000000035e-01
1.200999999999999984e-01
1.176999999999999991e-01
1.207000000000000017e-01
1.210999999999999993e-01
1.223999999999999949e-01
1.198000000000000037e-01
1.203000000000000042e-01
1.197000000000000008e-01
1.205999999999999989e-01
1.204999999999999960e-01
1.204999999999999960e-01
1.197000000000000008e-01
1.198000000000000037e-01
1.174000000000000044e-01
1.202000000000000013e-01
1.223000000000000059e-01
1.209999999999999964e-01
1.213000000000000050e-01
1.203999999999999931e-01
1.223999999999999949e-01
1.203999999999999931e-01
1.194999999999999951e-01
1.215999999999999998e-01
1.200999999999999984e-01
1.217000000000000026e-01
1.218000000000000055e-01
1.213999999999999940e-01
1.203000000000000042e-01
1.190999999999999975e-01
1.210999999999999993e-01
1.222000000000000031e-01
1.204999999999999960e-01
1.208999999999999936e-01
1.208999999999999936e-01
1.202000000000000013e-01
1.203000000000000042e-01
1.175999999999999962e-01
1.223999999999999949e-01
1.207000000000000017e-01
1.199999999999999956e-01
1.236000000000000015e-01
1.210999999999999993e-01
1.193000000000000033e-01
1.233999999999999958e-01
1.202000000000000013e-01
1.192000000000000004e-01
1.243999999999999967e-01
1.237000000000000044e-01
1.204999999999999960e-01
1.226000000000000006e-01
1.218999999999999945e-01
1.221000000000000002e-01
1.228000000000000064e-01
1.188000000000000028e-01
1.229999999999999982e-01
1.242000000000000048e-01
1.185999999999999971e-01
1.212000000000000022e-01
1.205999999999999989e-01
1.210999999999999993e-01
1.207000000000000017e-01
1.192000000000000004e-01
1.199000000000000066e-01
1.217000000000000026e-01
1.189999999999999947e-01
1.207000000000000017e-01
1.205999999999999989e-01
1.217000000000000026e-01
1.236000000000000015e-01
1.223000000000000059e-01
1.213999999999999940e-01
1.210999999999999993e-01
1.218000000000000055e-01
1.246000000000000024e-01
1.215999999999999998e-01
1.223999999999999949e-01
1.194000000000000061e-01
1.184999999999999942e-01
1.204999999999999960e-01
1.233999999999999958e-01
1.221000000000000002e-01
1.219999999999999973e-01
1.217000000000000026e-01
1.194999999999999951e-01
1.205999999999999989e-01
1.210999999999999993e-01
1.224999999999999978e-01
1.209999999999999964e-01
1.218999999999999945e-01
1.202000000000000013e-01
1.212000000000000022e-01
1.233999999999999958e-01
1.203000000000000042e-01
1.213999999999999940e-01
1.195999999999999980e-01
1.247999999999999943e-01
1.252999999999999947e-01
1.223999999999999949e-01
1.209999999999999964e-01
1.250000000000000000e-01
1.215999999999999998e-01
1.203999999999999931e-01
1.219999999999999973e-01
1.232000000000000040e-01
1.212000000000000022e-01
1.228000000000000064e-01
1.212000000000000022e-01
1.252000000000000057e-01
1.207000000000000017e-01
1.227000000000000035e-01
1.204999999999999960e-01
1.229999999999999982e-01
1.231000000000000011e-01
1.236000000000000015e-01
1.221000000000000002e-01
1.237999999999999934e-01
1.205999999999999989e-01
1.233000000000000068e-01
1.210999999999999993e-01
1.205999999999999989e-01
1.207000000000000017e-01
1.210999999999999993e-01
1.212000000000000022e-01
1.199000000000000066e-01
1.228000000000000064e-01
1.203999999999999931e-01
1.237000000000000044e-01
1.219999999999999973e-01
1.209999999999999964e-01
1.213999999999999940e-01
1.233000000000000068e-01
1.200999999999999984e-01
1.226000000000000006e-01
1.247000000000000053e-01
1.209999999999999964e-01
1.247000000000000053e-01
1.208999999999999936e-01
1.233000000000000068e-01
1.221000000000000002e-01
1.233999999999999958e-01
1.208000000000000046e-01
1.202000000000000013e-01
1.224999999999999978e-01
1.247999999999999943e-01
1.228999999999999954e-01
1.228000000000000064e-01
1.213999999999999940e-01
1.213000000000000050e-01
1.233000000000000068e-01
1.221000000000000002e-01
1.217000000000000026e-01
1.231000000000000011e-01
1.205999999999999989e-01
1.214999999999999969e-01
1.242000000000000048e-01
1.189000000000000057e-01
1.212000000000000022e-01
1.223999999999999949e-01
1.208000000000000046e-01
1.260999999999999899e-01
1.237999999999999934e-01
1.214999999999999969e-01
1.224999999999999978e-01
1.237000000000000044e-01
1.236000000000000015e-01
1.214999999999999969e-01
1.219999999999999973e-01
1.208000000000000046e-01
1.200999999999999984e-01
1.243999999999999967e-01
1.208999999999999936e-01
1.221000000000000002e-01
1.224999999999999978e-01
1.204999999999999960e-01
1.213999999999999940e-01
1.243999999999999967e-01
1.257000000000000062e-01
1.233999999999999958e-01
1.272000000000000075e-01
1.229999999999999982e-01
1.228999999999999954e-01
1.250999999999999890e-01
1.233000000000000068e-01
1.226000000000000006e-01
1.200999999999999984e-01
1.233000000000000068e-01
1.243999999999999967e-01
1.208999999999999936e-01
1.236000000000000015e-01
1.242000000000000048e-01
1.244999999999999996e-01
1.234999999999999987e-01
1.219999999999999973e-01
1.234999999999999987e-01
1.217000000000000026e-01
1.219999999999999973e-01
1.204999999999999960e-01
1.237999999999999934e-01
1.229999999999999982e-01
1.227000000000000035e-01
1.241000000000000020e-01
1.236000000000000015e-01
1.217000000000000026e-01
1.231000000000000011e-01
1.232000000000000040e-01
1.214999999999999969e-01
1.219999999999999973e-01
1.227000000000000035e-01
1.233000000000000068e-01
1.215999999999999998e-01
1.237999999999999934e-01
1.232000000000000040e-01
1.237999999999999934e-01
1.223999999999999949e-01
1.252999999999999947e-01
1.231000000000000011e-01
1.238999999999999962e-01
1.252000000000000057e-01
1.194999999999999951e-01
1.232000000000000040e-01
1.213999999999999940e-01
1.229999999999999982e-01
1.229999999999999982e-01
1.247000000000000053e-01
1.228999999999999954e-01
1.228999999999999954e-01
1.212000000000000022e-01
1.215999999999999998e-01
1.204999999999999960e-01
1.226000000000000006e-01
1.218999999999999945e-01
1.221000000000000002e-01
1.242000000000000048e-01
1.210999999999999993e-01
1.236000000000000015e-01
1.222000000000000031e-01
1.227000000000000035e-01
1.227000000000000035e-01
1.228999999999999954e-01
1.247999999999999943e-01
1.237999999999999934e-01
1.241000000000000020e-01
1.241000000000000020e-01
1.217000000000000026e-01
1.248999999999999971e-01
1.223999999999999949e-01
1.241000000000000020e-01
1.222000000000000031e-01
1.232000000000000040e-01
1.222000000000000031e-01
1.222000000000000031e-01
1.236000000000000015e-01
1.213000000000000050e-01
1.229999999999999982e-01
1.233999999999999958e-01
1.229999999999999982e-01
1.203999999999999931e-01
1.232000000000000040e-01
1.223000000000000059e-01
1.265000000000000013e-01
1.243999999999999967e-01
1.260999999999999899e-01
1.194999999999999951e-01
1.246000000000000024e-01
1.208999999999999936e-01
1.224999999999999978e-01
1.214999999999999969e-01
1.234999999999999987e-01
1.219999999999999973e-01
1.222000000000000031e-01
1.219999999999999973e-01
1.247000000000000053e-01
1.223999999999999949e-01
1.239999999999999991e-01
1.224999999999999978e-01
1.233999999999999958e-01
1.205999999999999989e-01
1.223000000000000059e-01
1.238999999999999962e-01
1.215999999999999998e-01
1.262999999999999956e-01
1.236000000000000015e-01
1.250000000000000000e-01
1.219999999999999973e-01
1.248999999999999971e-01
1.215999999999999998e-01
1.241000000000000020e-01
1.228000000000000064e-01
1.213000000000000050e-01
1.228000000000000064e-01
1.202000000000000013e-01
1.259000000000000119e-01
1.237000000000000044e-01
1.228000000000000064e-01
1.227000000000000035e-01
1.242999999999999938e-01
1.233000000000000068e-01
1.204999999999999960e-01
1.244999999999999996e-01
1.247000000000000053e-01
1.218999999999999945e-01
1.217000000000000026e-01
1.228999999999999954e-01
1.213999999999999940e-01
1.234999999999999987e-01
1.224999999999999978e-01
1.226000000000000006e-01
1.233000000000000068e-01
1.241000000000000020e-01
1.234999999999999987e-01
1.267000000000000071e-01
1.247000000000000053e-01
1.213000000000000050e-01
1.250999999999999890e-01
1.228999999999999954e-01
1.246000000000000024e-01
1.242000000000000048e-01
1.244999999999999996e-01
1.236000000000000015e-01
1.252000000000000057e-01
1.244999999999999996e-01
1.252000000000000057e-01
1.241000000000000020e-01
1.209999999999999964e-01
1.228999999999999954e-01
1.218000000000000055e-01
1.219999999999999973e-01
1.215999999999999998e-01
1.215999999999999998e-01
1.212000000000000022e-01
1.233000000000000068e-01
1.228000000000000064e-01
1.224999999999999978e-01
1.229999999999999982e-01
1.232000000000000040e-01
1.209999999999999964e-01
1.242999999999999938e-01
1.234999999999999987e-01
1.250999999999999890e-01
1.231000000000000011e-01
1.227000000000000035e-01
1.244999999999999996e-01
1.244999999999999996e-01
1.224999999999999978e-01
1.252000000000000057e-01
1.192000000000000004e-01
1.265000000000000013e-01
1.222000000000000031e-01
1.246000000000000024e-01
1.246000000000000024e-01
1.234999999999999987e-01
1.238999999999999962e-01
1.219999999999999973e-01
1.247000000000000053e-01
1.239999999999999991e-01
1.264000000000000123e-01
1.255999999999999894e-01
1.227000000000000035e-01
1.243999999999999967e-01
1.250000000000000000e-01
1.219999999999999973e-01
1.234999999999999987e-01
1.280999999999999917e-01
1.229999999999999982e-01
1.247000000000000053e-01
1.228999999999999954e-01
1.255000000000000004e-01
1.233000000000000068e-01
1.232000000000000040e-01
1.227000000000000035e-01
1.226000000000000006e-01
1.252000000000000057e-01
1.224999999999999978e-01
1.226000000000000006e-01
1.231000000000000011e-01
1.204999999999999960e-01
1.257000000000000062e-01
1.262000000000000066e-01
1.237000000000000044e-01
1.260000000000000009e-01
1.233000000000000068e-01
1.226000000000000006e-01
1.255999999999999894e-01
1.236000000000000015e-01
1.218000000000000055e-01
1.243999999999999967e-01
1.229999999999999982e-01
1.242000000000000048e-01
1.208000000000000046e-01
1.247000000000000053e-01
1.244999999999999996e-01
1.233999999999999958e-01
1.255000000000000004e-01
1.242000000000000048e-01
1.233999999999999958e-01
1.267000000000000071e-01
1.250999999999999890e-01
1.255000000000000004e-01
1.233999999999999958e-01
1.217000000000000026e-01
1.242999999999999938e-01
1.244999999999999996e-01
1.257999999999999952e-01
1.223000000000000059e-01
1.231000000000000011e-01
1.233999999999999958e-01
1.265999999999999903e-01
1.229999999999999982e-01
1.232000000000000040e-01
1.223000000000000059e-01
1.244999999999999996e-01
1.226000000000000006e-01
1.223999999999999949e-01
1.229999999999999982e-01
1.247000000000000053e-01
1.250000000000000000e-01
1.237000000000000044e-01
1.233999999999999958e-01
1.218999999999999945e-01
1.210999999999999993e-01
1.239999999999999991e-01
1.238999999999999962e-01
1.222000000000000031e-01
1.221000000000000002e-01
1.217000000000000026e-01
1.219999999999999973e-01
1.247000000000000053e-01
1.243999999999999967e-01
1.255999999999999894e-01
1.233000000000000068e-01
1.260000000000000009e-01
1.228999999999999954e-01
1.244999999999999996e-01
1.257000000000000062e-01
1.234999999999999987e-01
1.233999999999999958e-01
1.247000000000000053e-01
1.250000000000000000e-01
1.259000000000000119e-01
1.238999999999999962e-01
