9.788000000476837492e-02
1.010000000011920945e-01
1.008000000047683670e-01
1.012000000023841884e-01
1.025600000095367448e-01
1.035999999952316314e-01
1.019200000023841868e-01
1.017200000047683711e-01
1.016399999999999942e-01
1.037600000095367375e-01
1.023200000005960453e-01
1.032400000095367448e-01
1.023600000023841827e-01
1.034800000095367489e-01
1.042000000047683672e-01
1.037200000047683729e-01
1.016800000000000065e-01
1.047600000047683722e-01
1.020000000023841835e-01
1.034800000023841926e-01
1.021600000023841909e-01
1.046799999952316290e-01
1.035599999999999993e-01
1.054400000023841821e-01
1.038000000005960405e-01
1.031200000047683696e-01
1.036400000011920980e-01
1.037200000000000066e-01
1.041600000023841927e-01
1.030400000000000066e-01
1.028399999952316346e-01
1.026800000047683736e-01
1.027200000095367383e-01
1.021600000023841909e-01
1.027200000023841819e-01
1.032000000023841901e-01
1.036000000047683778e-01
1.020000000047683736e-01
1.038399999904632554e-01
1.032799999952316305e-01
1.024400000095367497e-01
1.049600000095367441e-01
1.036800000095367408e-01
1.025600000023841885e-01
1.041600000023841927e-01
1.053200000023841870e-01
1.039999999999999952e-01
1.033600000047683737e-01
1.040400000005960446e-01
1.049200000023841894e-01
1.046000000011920866e-01
1.029200000023841877e-01
1.029599999999999960e-01
1.028800000047683655e-01
1.050400000047683746e-01
1.038400000047683680e-01
1.022000000011920873e-01
1.046000000095367449e-01
1.043599999999999944e-01
1.043599999999999944e-01
1.052799999952316323e-01
1.046799999999999953e-01
1.017600000047683695e-01
1.050000000023841862e-01
1.044400000011920931e-01
1.026400000023841852e-01
1.036400000023841861e-01
1.041200000047683705e-01
1.039600000011920988e-01
1.035200000047683672e-01
1.042400000095367457e-01
1.038400000095367481e-01
1.040400000005960446e-01
1.040400000005960446e-01
1.030000000011920963e-01
1.035200000095367473e-01
1.042399999999999993e-01
1.037200000005960437e-01
1.051600000047683697e-01
1.047199999999999936e-01
1.025200000095367464e-01
1.038400000000000017e-01
1.022000000011920873e-01
1.039199999999999985e-01
1.038000000047683696e-01
1.043599999999999944e-01
1.042400000023841894e-01
1.039600000047683770e-01
1.028000000047683687e-01
1.050400000047683746e-01
1.030800000000000050e-01
1.039200000023841886e-01
1.043600000047683746e-01
1.039600000023841869e-01
1.037600000047683713e-01
1.045600000000000002e-01
1.033600000047683737e-01
1.039600000047683770e-01
1.056400000095367442e-01
1.046800000047683754e-01
1.032400000047683647e-01
1.051600000000000035e-01
1.043200000047683762e-01
1.058000000000000052e-01
1.056799999999999962e-01
1.047199999999999936e-01
1.047600000023841821e-01
1.032800000023841869e-01
1.055200000011920908e-01
1.037999999952316232e-01
1.036000000023841877e-01
1.044400000011920931e-01
1.060000000011920990e-01
1.035200000005960519e-01
1.041999999952316347e-01
1.036000000011920996e-01
1.059600000095367450e-01
1.047600000047683722e-01
1.048400000047683689e-01
1.046399999999999969e-01
1.048800000023841911e-01
1.046800000095367417e-01
1.056000000023841895e-01
1.035600000023841893e-01
1.034800000000000025e-01
1.047600000047683722e-01
1.044399999952316249e-01
1.035999999999999976e-01
1.058800000000000019e-01
1.048800000000000010e-01
1.054800000047683706e-01
1.046400000005960479e-01
1.037200000000000066e-01
1.036399999999999960e-01
1.047200000095367400e-01
1.047200000047683738e-01
1.044800000000000034e-01
1.055999999952316332e-01
1.045200000047683681e-01
1.047200000023841837e-01
1.067200000047683756e-01
1.035200000047683672e-01
1.033199999999999952e-01
1.042400000095367457e-01
1.040399999999999936e-01
1.038000000047683696e-01
1.039999999999999952e-01
1.057200000095367409e-01
1.043600000095367408e-01
1.035600000005960503e-01
1.045599999952316339e-01
1.037200000000000066e-01
1.057600000000000068e-01
1.044000000023841829e-01
1.060800000023841838e-01
1.042399999952316331e-01
1.058399999952316234e-01
1.050400000011920965e-01
1.032400000011920865e-01
1.048800000047683673e-01
1.048799999952316347e-01
1.035999999904632513e-01
1.066400000023841887e-01
1.047200000011920956e-01
1.051600000005960406e-01
1.041200000005960413e-01
1.044800000000000034e-01
1.026000000023841868e-01
1.030000000095367407e-01
1.047200000047683738e-01
1.049600000023841878e-01
1.055200000000000027e-01
1.046000000095367449e-01
1.048000000005960414e-01
1.041200000047683705e-01
1.048400000047683689e-01
1.053199999999999970e-01
1.067600000047683739e-01
1.043200000095367425e-01
1.043600000047683746e-01
1.050800000005960438e-01
1.072800000011920885e-01
1.036400000011920980e-01
1.033200000023841852e-01
1.037600000023841812e-01
1.042400000047683656e-01
1.028399999904632545e-01
1.058400000011920916e-01
1.051200000000000051e-01
1.046400000011920989e-01
1.053999999952316274e-01
1.038400000047683680e-01
1.068399999952316243e-01
1.055200000011920908e-01
1.059600000011920867e-01
1.048800000011920891e-01
1.047200000023841837e-01
1.052000000005960528e-01
1.053600000047683755e-01
1.043200000023841861e-01
1.057599999952316266e-01
1.054800000023841805e-01
1.052000000047683681e-01
1.021999999999999992e-01
1.050800000023841829e-01
1.043599999904632619e-01
1.052400000023841903e-01
1.024800000047683679e-01
1.034400000023841804e-01
1.042800000011920997e-01
1.049999999999999961e-01
1.033200000095367416e-01
1.054000000005960447e-01
1.055600000011920891e-01
1.048400000011920907e-01
1.039200000005960495e-01
1.042799999952316314e-01
1.055199999904632563e-01
1.048800000011920891e-01
1.045600000000000002e-01
1.041200000000000042e-01
1.046000000095367449e-01
1.033199999999999952e-01
1.072400000023841921e-01
1.031600000011920898e-01
1.049599999952316315e-01
1.052400000000000002e-01
1.032799999999999968e-01
1.045200000011920899e-01
1.038800000000000001e-01
1.058400000095367499e-01
1.054000000023841838e-01
1.041600000095367490e-01
1.054400000047683722e-01
1.048800000011920891e-01
1.041600000047683688e-01
1.048000000005960414e-01
1.053599999999999953e-01
1.050800000023841829e-01
1.047200000023841837e-01
1.056800000047683763e-01
1.038400000095367481e-01
1.040800000011920939e-01
1.045600000047683664e-01
1.043600000023841845e-01
1.061200000011920941e-01
1.029600000047683761e-01
1.049600000047683779e-01
1.058000000000000052e-01
1.069600000011920876e-01
1.044799999952316233e-01
1.029200000005960486e-01
1.047200000095367400e-01
1.067600000011920958e-01
1.042800000011920997e-01
1.056400000095367442e-01
1.060000000011920990e-01
1.062800000023841895e-01
1.057600000047683730e-01
1.051200000000000051e-01
1.048800000023841911e-01
1.047200000095367400e-01
1.052400000023841903e-01
1.049200000023841894e-01
1.051200000047683714e-01
1.050799999952316266e-01
1.053999999999999937e-01
1.064400000047683731e-01
1.047200000095367400e-01
1.043600000023841845e-01
1.044000000005960438e-01
1.054400000047683722e-01
1.032000000095367465e-01
1.041600000000000026e-01
1.052400000005960512e-01
1.044000000023841829e-01
1.047200000023841837e-01
1.068000000047683723e-01
1.054400000000000059e-01
1.048000000000000043e-01
1.060000000005960480e-01
1.052000000000000018e-01
1.056800000023841862e-01
1.039599999999999969e-01
1.040800000005960430e-01
1.053200000011920989e-01
1.053600000011920973e-01
1.039600000095367432e-01
1.051999999952316217e-01
1.056799999999999962e-01
1.052800000095367450e-01
1.049600000023841878e-01
1.034400000047683704e-01
1.057200000047683747e-01
1.037200000047683729e-01
1.051599999952316233e-01
1.043200000011920980e-01
1.042000000011920890e-01
1.066000000047683666e-01
1.049599999952316315e-01
1.052799999999999986e-01
1.040000000095367416e-01
1.062000000047683690e-01
1.056799999999999962e-01
1.061200000011920941e-01
1.038800000000000001e-01
1.055200000000000027e-01
1.043600000011920964e-01
1.040800000023841820e-01
1.057200000047683747e-01
1.054400000047683722e-01
1.043600000011920964e-01
1.049599999904632514e-01
1.044800000047683697e-01
1.050000000095367425e-01
1.051999999952316217e-01
1.057600000000000068e-01
1.044000000023841829e-01
1.065200000011920917e-01
1.042000000047683672e-01
1.046000000047683648e-01
1.050400000047683746e-01
1.067600000023841839e-01
1.049600000023841878e-01
1.060399999952316291e-01
1.062000000005960398e-01
1.059200000023841903e-01
1.052000000095367482e-01
1.048400000000000026e-01
1.055600000023841911e-01
1.044000000023841829e-01
1.063600000005960472e-01
1.051999999952316217e-01
1.057600000023841830e-01
1.035600000005960503e-01
1.054800000047683706e-01
1.045200000023841919e-01
1.038000000047683696e-01
1.052400000023841903e-01
1.050400000095367409e-01
1.055200000023841789e-01
1.067199999999999954e-01
1.054400000011920940e-01
1.062800000047683657e-01
1.043600000023841845e-01
1.040800000095367384e-01
1.051200000047683714e-01
1.051999999952316217e-01
1.054000000047683738e-01
1.045200000047683681e-01
1.062400000011920892e-01
1.052800000005960496e-01
1.063600000023841863e-01
1.042800000095367441e-01
1.048800000047683673e-01
1.057600000011920949e-01
1.049999999999999961e-01
1.055999999999999994e-01
1.028000000011920906e-01
1.049999999999999961e-01
1.046400000047683770e-01
1.045200000047683681e-01
1.024800000023841917e-01
1.064800000000000052e-01
1.047600000011920940e-01
1.052800000011920867e-01
1.042800000047683778e-01
1.069200000023841912e-01
1.042800000023841878e-01
1.065600000095367483e-01
1.060000000047683771e-01
1.048400000000000026e-01
1.045200000095367482e-01
1.044400000047683713e-01
1.038400000000000017e-01
1.068000000047683723e-01
1.045999999999999985e-01
1.058800000023841920e-01
1.053200000047683771e-01
1.041200000000000042e-01
1.052800000011920867e-01
1.041200000023841804e-01
1.049200000047683656e-01
1.052799999999999986e-01
1.066000000011920884e-01
1.033200000011920971e-01
1.044400000047683713e-01
1.052800000095367450e-01
1.055600000011920891e-01
1.060000000095367434e-01
1.050800000000000067e-01
1.053200000005960479e-01
1.050800000095367392e-01
1.055600000011920891e-01
1.064800000047683715e-01
1.058000000000000052e-01
1.042400000095367457e-01
1.025200000023841901e-01
1.048400000047683689e-01
1.047200000095367400e-01
1.055600000047683673e-01
1.034800000000000025e-01
1.058800000023841920e-01
1.036800000011920964e-01
1.053600000011920973e-01
1.042399999952316331e-01
1.049200000095367458e-01
1.054000000023841838e-01
1.061200000047683722e-01
1.054400000005960431e-01
1.055199999952316225e-01
1.062400000000000011e-01
1.053599999999999953e-01
1.062000000000000027e-01
1.042400000023841894e-01
1.040400000011920956e-01
1.051600000047683697e-01
1.065200000095367500e-01
1.054399999952316258e-01
1.054400000047683722e-01
1.062400000095367475e-01
1.053599999999999953e-01
1.054800000023841805e-01
1.043600000011920964e-01
1.062000000000000027e-01
1.065200000011920917e-01
1.056399999999999978e-01
1.045200000047683681e-01
1.050800000023841829e-01
1.049599999999999977e-01
1.048800000047683673e-01
1.043199999999999961e-01
1.055999999999999994e-01
1.053599999999999953e-01
1.047600000023841821e-01
1.055200000023841789e-01
1.048800000047683673e-01
1.054800000023841805e-01
1.064400000000000068e-01
1.051600000023841797e-01
1.072400000023841921e-01
1.048800000047683673e-01
1.050800000011920948e-01
1.044000000023841829e-01
1.045200000005960528e-01
1.074400000023841839e-01
1.041199999904632578e-01
1.061200000023841822e-01
1.044000000047683729e-01
1.045600000095367466e-01
1.059600000023841887e-01
1.045200000095367482e-01
1.066800000047683772e-01
1.047200000005960446e-01
1.050800000047683730e-01
1.054400000011920940e-01
1.052000000095367482e-01
1.057600000023841830e-01
1.041200000047683705e-01
1.060800000095367401e-01
1.044800000005960405e-01
1.053600000023841854e-01
1.057199999952316283e-01
1.050800000011920948e-01
1.050800000000000067e-01
1.042400000023841894e-01
1.073599999952316308e-01
1.046000000023841886e-01
1.058000000047683714e-01
1.040400000095367400e-01
1.057200000005960455e-01
1.055600000095367474e-01
1.028800000095367456e-01
1.060400000047683755e-01
1.051600000047683697e-01
1.075600000047683691e-01
1.034400000047683704e-01
1.036800000023841845e-01
1.039199999999999985e-01
1.045199999952316217e-01
1.054400000005960431e-01
1.074799999952316260e-01
1.046800000047683754e-01
1.058400000047683698e-01
1.052000000095367482e-01
1.045200000047683681e-01
1.062400000011920892e-01
1.060800000023841838e-01
1.042000000023841910e-01
1.054800000047683706e-01
1.058000000047683714e-01
1.054000000047683738e-01
1.051200000095367376e-01
1.060000000047683771e-01
1.057600000095367393e-01
1.043600000011920964e-01
1.052000000095367482e-01
1.052000000023841919e-01
1.063999999999999946e-01
1.067200000047683756e-01
