1.451807186889648449e+01
1.452240377807617122e+01
1.452240380096435501e+01
1.452240381622314480e+01
1.452240377807617122e+01
1.452240365600586003e+01
1.452240381622314480e+01
1.452240380859375080e+01
1.452240378570556700e+01
1.452240381622314480e+01
1.452240374755859342e+01
1.452240380859375080e+01
1.452240386962890639e+01
1.452240374755859342e+01
1.452240362548828045e+01
1.452240362548828045e+01
1.452240379333496101e+01
1.452240371704101562e+01
1.452240376281738321e+01
1.452240378570556700e+01
