1.450869229888916045e+01
1.452240372467040963e+01
1.452240380859375080e+01
1.452240374755859342e+01
1.452240377807617122e+01
1.452240376281738321e+01
1.452240376281738321e+01
1.452240383911132859e+01
1.452240378570556700e+01
1.452240377807617122e+01
1.452240372467040963e+01
1.452240377807617122e+01
1.452240369415283183e+01
1.452240368652343783e+01
1.452240380859375080e+01
1.452240383911132859e+01
1.452240366363525403e+01
1.452240383911132859e+01
1.452240372467040963e+01
1.452240373229980541e+01
