1.447369824218749912e+01
1.447404959869384733e+01
1.447404949951171815e+01
1.447404950714111393e+01
1.447404953002929773e+01
1.447404953002929773e+01
1.447404947662353436e+01
1.447404944610595656e+01
1.447404947662353436e+01
1.447404956054687553e+01
1.447404943847656256e+01
1.447404953002929773e+01
1.447404947662353436e+01
1.447404962921142513e+01
1.447404959869384733e+01
1.447404946899414035e+01
1.447404950714111393e+01
1.447404945373535234e+01
1.447404944610595656e+01
1.447404953002929773e+01
