1.456257371520996102e+01
1.450628560638427800e+01
1.452240381622314480e+01
1.453852200317382781e+01
1.452240381622314480e+01
1.449016757965087976e+01
1.450628580474853457e+01
1.452240368652343783e+01
1.450628570556640540e+01
1.452240373229980541e+01
1.452240370178222584e+01
1.452240372467040963e+01
1.452240378570556700e+01
1.453852192687988243e+01
1.455463999176025425e+01
1.452240381622314480e+01
1.452240371704101562e+01
1.455464001464843804e+01
1.452240375518798743e+01
1.452240384674072260e+01
