1.463814215850830003e+01
1.463523037719726538e+01
1.463523033142089780e+01
1.463523031616210979e+01
1.463523042297363297e+01
1.463523052978515615e+01
1.463523040771484318e+01
1.463523037719726538e+01
1.463523038482665939e+01
1.463523049926757835e+01
1.463523047637939456e+01
1.463523043823242276e+01
1.463523038482665939e+01
1.463523037719726538e+01
1.463523059082031175e+01
1.463523046875000055e+01
1.463523046875000055e+01
1.463523041534423896e+01
1.463523029327392599e+01
1.463523038482665939e+01
