1.451085419464111403e+01
1.452240366363525403e+01
1.452240381622314480e+01
1.452240380859375080e+01
1.452240374755859342e+01
1.452240386962890639e+01
1.452240377807617122e+01
1.452240383911132859e+01
1.452240377807617122e+01
1.452240369415283183e+01
1.452240384674072260e+01
1.452240378570556700e+01
1.452240377807617122e+01
1.452240380859375080e+01
1.452240377807617122e+01
1.452240376281738321e+01
1.452240369415283183e+01
1.452240380859375080e+01
1.452240377807617122e+01
1.452240378570556700e+01
