1.450147601318359314e+01
1.445793137359619074e+01
1.445793137359619074e+01
1.445793142700195233e+01
1.445793139648437453e+01
1.445793140411377031e+01
1.445793131256103514e+01
1.445793133544921893e+01
1.445793141174316432e+01
1.445793127441406334e+01
1.445793138122558652e+01
1.445793132781982493e+01
1.445793134307861294e+01
1.445793142700195233e+01
1.445793155670165930e+01
1.445793138122558652e+01
1.445793145751953190e+01
1.445793130493164114e+01
1.445793143463134811e+01
1.445793128204345734e+01
