3.194400000000000017e-01
4.379000000000000115e-01
4.866400000000000170e-01
5.213600000000000456e-01
5.435200000000000031e-01
5.585799999999999654e-01
5.756599999999999495e-01
5.881800000000000361e-01
5.995800000000000018e-01
6.067000000000000171e-01
6.161200000000000010e-01
6.262799999999999478e-01
6.318399999999999572e-01
6.372400000000000286e-01
6.455800000000000427e-01
6.499800000000000022e-01
6.559399999999999675e-01
6.607199999999999740e-01
6.658199999999999674e-01
6.694400000000000350e-01
6.734200000000000186e-01
6.782799999999999940e-01
6.821399999999999686e-01
6.816799999999999526e-01
6.873799999999999910e-01
6.922399999999999665e-01
6.958400000000000141e-01
6.962000000000000410e-01
6.982800000000000118e-01
7.005400000000000515e-01
7.047799999999999621e-01
7.059199999999999919e-01
7.076799999999999757e-01
7.089999999999999636e-01
7.113199999999999523e-01
7.162199999999999678e-01
7.174599999999999866e-01
7.179799999999999516e-01
7.208799999999999653e-01
7.228599999999999470e-01
7.232800000000000340e-01
7.257799999999999807e-01
7.270999999999999686e-01
7.274800000000000155e-01
7.311999999999999611e-01
7.303399999999999892e-01
7.328999999999999959e-01
7.335000000000000409e-01
7.359200000000000186e-01
7.368000000000000105e-01
7.387599999999999723e-01
7.390600000000000502e-01
7.418000000000000149e-01
7.448799999999999866e-01
7.449599999999999556e-01
7.427000000000000268e-01
7.458799999999999875e-01
7.468599999999999683e-01
7.509200000000000319e-01
7.491600000000000481e-01
7.504199999999999759e-01
7.504800000000000360e-01
7.520400000000000418e-01
7.518000000000000238e-01
7.522999999999999687e-01
7.521400000000000308e-01
7.547599999999999865e-01
7.552400000000000224e-01
7.578000000000000291e-01
7.578399999999999581e-01
7.584600000000000231e-01
7.604800000000000448e-01
7.609799999999999898e-01
7.627000000000000446e-01
7.617800000000000127e-01
7.621200000000000196e-01
7.610000000000000098e-01
7.643600000000000394e-01
7.638599999999999834e-01
7.642200000000000104e-01
7.647000000000000464e-01
7.658199999999999452e-01
7.668599999999999861e-01
7.643400000000000194e-01
7.682799999999999629e-01
7.698599999999999888e-01
7.666399999999999881e-01
7.702799999999999647e-01
7.701799999999999757e-01
7.719000000000000306e-01
7.689399999999999569e-01
7.674400000000000110e-01
7.735800000000000454e-01
7.712200000000000166e-01
7.707000000000000517e-01
7.754600000000000382e-01
7.717800000000000216e-01
7.735400000000000054e-01
7.749800000000000022e-01
7.739800000000000013e-01
7.774199999999999999e-01
7.745199999999999863e-01
7.762599999999999500e-01
7.774799999999999489e-01
7.773799999999999599e-01
7.788399999999999768e-01
7.760399999999999521e-01
7.781000000000000139e-01
7.792200000000000237e-01
7.779199999999999449e-01
7.794400000000000217e-01
7.798599999999999977e-01
7.808599999999999985e-01
7.796600000000000197e-01
7.819199999999999484e-01
7.832000000000000073e-01
7.825600000000000334e-01
7.809800000000000075e-01
7.841799999999999882e-01
7.843400000000000372e-01
7.830799999999999983e-01
7.828199999999999603e-01
7.828399999999999803e-01
7.823999999999999844e-01
7.844400000000000261e-01
7.850800000000000001e-01
7.860000000000000320e-01
7.828199999999999603e-01
7.846999999999999531e-01
7.863599999999999479e-01
7.848800000000000221e-01
7.882000000000000117e-01
7.871599999999999708e-01
7.887399999999999967e-01
7.862200000000000299e-01
7.880000000000000338e-01
7.872000000000000108e-01
7.892400000000000526e-01
7.869599999999999929e-01
7.878800000000000248e-01
7.886999999999999567e-01
7.889000000000000457e-01
7.868600000000000039e-01
7.887600000000000167e-01
7.901399999999999535e-01
7.918600000000000083e-01
7.887600000000000167e-01
7.904799999999999605e-01
7.884400000000000297e-01
7.889599999999999946e-01
7.902599999999999625e-01
7.901599999999999735e-01
7.921000000000000263e-01
7.911599999999999744e-01
7.943000000000000060e-01
7.891000000000000236e-01
7.949399999999999800e-01
7.947800000000000420e-01
7.921399999999999553e-01
7.909399999999999764e-01
7.931000000000000272e-01
7.932399999999999451e-01
7.947600000000000220e-01
7.927199999999999802e-01
7.933200000000000252e-01
7.950199999999999489e-01
7.926600000000000312e-01
7.936800000000000521e-01
7.952599999999999669e-01
7.977800000000000447e-01
7.945600000000000440e-01
7.967600000000000238e-01
7.957199999999999829e-01
7.943599999999999550e-01
7.954400000000000359e-01
7.950399999999999689e-01
7.982200000000000406e-01
7.959000000000000519e-01
7.956199999999999939e-01
7.984400000000000386e-01
7.972000000000000197e-01
7.951000000000000290e-01
7.959600000000000009e-01
7.949000000000000510e-01
7.963799999999999768e-01
7.977999999999999536e-01
7.974200000000000177e-01
7.972599999999999687e-01
7.981599999999999806e-01
7.974999999999999867e-01
8.002599999999999714e-01
8.001200000000000534e-01
8.011200000000000543e-01
7.987199999999999855e-01
7.993799999999999795e-01
7.988600000000000145e-01
7.986400000000000166e-01
8.009800000000000253e-01
7.993999999999999995e-01
8.011800000000000033e-01
8.002200000000000424e-01
8.003000000000000114e-01
8.023000000000000131e-01
8.016400000000000192e-01
8.013000000000000123e-01
8.000199999999999534e-01
7.989199999999999635e-01
8.013799999999999812e-01
8.028199999999999781e-01
8.003200000000000314e-01
8.012799999999999923e-01
8.030399999999999761e-01
8.050800000000000178e-01
8.000399999999999734e-01
8.030399999999999761e-01
8.027600000000000291e-01
8.006199999999999983e-01
8.035600000000000520e-01
8.047999999999999599e-01
8.034799999999999720e-01
8.044000000000000039e-01
8.028199999999999781e-01
8.044000000000000039e-01
8.033599999999999630e-01
8.060199999999999587e-01
8.037600000000000300e-01
8.020800000000000152e-01
8.070000000000000506e-01
8.039600000000000080e-01
8.032200000000000450e-01
8.065200000000000147e-01
8.044999999999999929e-01
8.043000000000000149e-01
8.047199999999999909e-01
8.038800000000000390e-01
8.060199999999999587e-01
8.044400000000000439e-01
8.073399999999999466e-01
8.068600000000000216e-01
8.072399999999999576e-01
8.083399999999999475e-01
8.059399999999999897e-01
8.062200000000000477e-01
8.088600000000000234e-01
8.063200000000000367e-01
8.038999999999999480e-01
8.074000000000000066e-01
8.041800000000000059e-01
8.052000000000000268e-01
8.062000000000000277e-01
8.070199999999999596e-01
8.084000000000000075e-01
8.065200000000000147e-01
8.090000000000000524e-01
8.063399999999999457e-01
8.066200000000000037e-01
8.071000000000000396e-01
8.076799999999999535e-01
8.081800000000000095e-01
8.075599999999999445e-01
8.116799999999999571e-01
8.093000000000000194e-01
8.073599999999999666e-01
8.067199999999999926e-01
8.075200000000000156e-01
8.083799999999999875e-01
8.074200000000000266e-01
8.092000000000000304e-01
8.082599999999999785e-01
8.097199999999999953e-01
8.092599999999999794e-01
8.098400000000000043e-01
8.117199999999999971e-01
8.086400000000000254e-01
8.116200000000000081e-01
8.084799999999999764e-01
8.108400000000000052e-01
8.086400000000000254e-01
8.098400000000000043e-01
8.064799999999999747e-01
8.090399999999999814e-01
8.087999999999999634e-01
8.080000000000000515e-01
8.111000000000000432e-01
8.109800000000000342e-01
8.133000000000000229e-01
8.108199999999999852e-01
8.096999999999999753e-01
8.103799999999999892e-01
8.082200000000000495e-01
8.087199999999999944e-01
8.094999999999999973e-01
8.120000000000000551e-01
8.105999999999999872e-01
8.115799999999999681e-01
8.111000000000000432e-01
8.112800000000000011e-01
8.104400000000000492e-01
8.104799999999999782e-01
8.088800000000000434e-01
