-5.441802854299545439e-02
-3.244903334617614543e-02
-2.029612423896789627e-02
-1.262085865974426312e-02
-9.200043201446532828e-03
-6.086794996261597063e-03
-4.760664978027343529e-03
-3.847222213745117060e-03
-2.538851470947265515e-03
-2.503705844879150315e-03
-1.356769914627075106e-03
-1.557972793579101654e-03
-1.029412670135498040e-03
-1.197904853820800806e-03
-7.549139022827148658e-04
-7.874813079833984731e-04
-5.095130157470702725e-04
-5.592629051208496214e-04
-4.120811653137206802e-04
-4.369383811950683458e-04
-5.397752189636230999e-04
-5.272151374816894847e-04
-3.307987976074218818e-04
-2.453222465515136549e-04
-2.778485488891601707e-04
-2.047011566162109438e-04
-2.252827072143554800e-04
-3.261548995971679660e-04
-1.398188781738281120e-04
-2.201457595825195368e-04
-1.683606719970703154e-04
-1.212259483337402364e-04
-1.232689666748046831e-04
-8.934989929199219311e-05
-1.344552803039550815e-04
-1.169100570678710896e-04
-1.815446281433105409e-04
-1.239121627807617183e-04
-1.028899192810058612e-04
-1.227613830566406190e-04
-6.137002944946289148e-05
-8.244117736816406633e-05
-8.966035842895507372e-05
-2.574068069458007902e-05
-4.204092025756836102e-05
-4.532003402709961241e-05
-3.802225112915038924e-05
-4.857208251953124906e-05
-9.835847854614258206e-05
-4.641489028930663853e-05
-3.492446899414062178e-05
-4.944910049438476648e-05
-5.758083343505859141e-05
-1.596368789672851469e-05
-7.166007995605469115e-05
-1.979377746582031161e-05
-5.496580123901367425e-05
-2.306648254394531167e-05
-3.332397460937500127e-05
-7.152824401855468805e-06
-1.117796897888183647e-04
-8.383472442626952500e-05
-3.048286437988281209e-05
-3.693567276000976770e-05
-5.383882522583007511e-05
-5.863004684448242117e-05
-2.383348464965820163e-05
-2.146669387817382878e-05
-1.399843215942382730e-05
-1.020034790039062544e-05
-2.270984649658203014e-05
-5.378437042236327979e-05
-2.080307006835937679e-06
-4.388610839843749676e-05
-4.043037414550781293e-05
-1.529611587524414037e-05
-3.470930099487304436e-05
-1.966865539550781183e-05
-8.362827301025390275e-06
-2.557474136352539201e-05
-1.109867095947265660e-05
-7.737255096435546219e-06
-1.433330535888671878e-05
-9.664020538330077618e-06
-5.384178161621093607e-06
-2.394456863403320431e-05
-6.734924316406249917e-06
-2.575174331665038946e-05
-2.044399261474609536e-05
-1.587865829467773374e-05
-4.577445983886719025e-06
-5.759258270263671715e-06
-3.156188964843749747e-05
-1.245391845703125025e-05
-3.291482925415039067e-05
-1.786022186279296727e-05
-9.248695373535156380e-06
-9.716606140136717999e-06
-1.787193298339843651e-05
-2.649278640747070149e-05
-1.443189620971679651e-05
-1.000917816162109371e-04
-1.008415222167968756e-07
-8.927307128906250374e-06
-1.089075088500976503e-05
-5.704307556152343798e-07
-1.740005493164062600e-05
-5.466709136962890752e-06
-1.734733581542968872e-05
-1.185485839843750084e-05
-5.089073181152344090e-06
-2.449350357055663980e-05
-5.373268127441406631e-06
-3.420257568359375137e-07
-5.212955474853515238e-06
-1.515134811401367189e-05
-2.355714797973632895e-05
-2.222728729248047081e-06
-6.363029479980468375e-06
-1.108129501342773355e-05
-1.035659790039062585e-05
-6.378765106201172096e-06
-2.279109954833984216e-06
-6.456890106201171454e-06
-5.078525543212890475e-06
-2.615795135498046736e-06
0.000000000000000000e+00
-3.689575195312500016e-07
-2.085033416748046932e-05
-3.983688354492187523e-06
-1.406784057617187487e-06
-2.489566802978515666e-06
-2.807331085205078321e-06
-4.391670227050781657e-06
-4.273490905761719128e-06
-3.138942718505859387e-06
-1.834537506103515504e-05
-5.894775390624999950e-06
-2.687873840332031092e-06
-1.562767028808593668e-06
-1.587152481079101400e-05
-9.623756408691407085e-06
-3.655147552490234371e-06
-1.183115005493164115e-05
-5.733757019042968392e-06
-3.259658813476562431e-07
-1.798074722290039014e-05
-7.963428497314453564e-06
-1.573400497436523477e-05
-9.341430664062499488e-07
-2.105522155761718788e-07
-1.153545379638671970e-06
-3.303527832031249864e-07
-1.657524108886718778e-06
-2.363796234130859207e-06
-2.521915435791015830e-06
0.000000000000000000e+00
-3.873176574707031501e-06
-1.343299865722656317e-05
-2.327594757080077963e-06
-5.875587463378906069e-07
-3.564014434814453248e-06
-1.317653656005859480e-06
-3.189144134521484194e-06
-1.355789184570312564e-05
-5.619812011718750248e-07
-2.634410858154296718e-06
-1.489233016967773497e-05
-2.600498199462890646e-06
-9.628295898437499446e-08
-4.279861450195312261e-06
0.000000000000000000e+00
-4.769515991210937586e-07
-1.046737670898437483e-05
-3.702163696289062532e-08
-2.379417419433593746e-07
-5.095920562744140931e-06
-7.094421386718750304e-06
-1.695823669433593806e-07
-1.204545974731445326e-05
-1.854019165039062529e-06
-2.883531570434570303e-05
-4.246215820312500417e-06
0.000000000000000000e+00
-1.268669128417968804e-05
-8.121337890625000708e-06
-6.306266784667968358e-07
-8.674144744873046374e-06
-6.878604888916015769e-06
-1.227840423583984444e-05
-2.114906311035156091e-06
-4.729461669921875262e-07
-1.144104003906250076e-06
-3.651618957519531423e-07
-4.398746490478515803e-06
-2.240028381347656287e-06
0.000000000000000000e+00
-1.077136993408203038e-06
-7.620849609374999925e-06
-2.223663330078124976e-06
-2.206668853759765652e-06
-4.998569488525390980e-06
-8.630752563476562225e-08
-4.831314086914062979e-07
-9.038925170898437270e-07
-3.178401947021484124e-05
-3.235950469970702956e-06
-4.401588439941406305e-07
-6.679534912109375215e-07
-1.821727752685546903e-06
-7.436752319335937964e-07
-4.169464111328125183e-08
-1.799888610839843854e-06
-1.758842468261718673e-06
-1.111755371093749912e-06
-3.353118896484374696e-08
-1.131153106689453060e-06
-1.709213256835937553e-06
-1.068115234374999906e-09
-6.927452087402343724e-06
-2.479858398437499966e-06
-2.773284912109375160e-08
-6.231498718261718758e-07
-3.952026367187499778e-08
-4.166584014892577783e-06
-7.548503875732422186e-06
-5.324363708496093926e-07
-6.564140319824218969e-07
-1.252937316894531219e-07
-1.983642578124999826e-09
-1.631736755371093696e-05
-1.294288635253906176e-06
-8.834457397460937130e-07
-1.843566894531249952e-06
0.000000000000000000e+00
-1.137485504150390540e-06
-5.660057067871094013e-07
-3.000663757324218770e-05
-1.147727966308593850e-06
-1.609096527099609358e-06
-1.299495697021484320e-06
-1.786994934082031164e-06
-6.799144744873046538e-06
-1.303157806396484383e-06
-2.324520111083984314e-05
-1.811790466308593845e-07
-1.030826568603515598e-06
0.000000000000000000e+00
-3.068065643310546731e-06
-1.586494445800781181e-06
-9.140071868896483550e-06
-5.926513671874999927e-07
-7.391319274902343458e-06
-1.587409973144531250e-06
-1.632343292236328148e-05
-4.051589965820312456e-07
-1.033477783203124978e-06
-3.511791229248047074e-06
-1.463317871093749987e-06
-8.898353576660156255e-07
-9.358024597167968951e-07
-6.518840789794921577e-06
-3.606224060058593522e-07
-3.224487304687500120e-06
0.000000000000000000e+00
-9.422302246093749898e-08
-6.319808959960937946e-07
-5.614280700683593760e-07
-3.864955902099609134e-06
-1.717376708984374905e-07
-1.329421997070312430e-08
-9.930419921874999841e-07
-1.361465454101562481e-07
-7.059097290039062205e-07
-1.768188476562499953e-06
-2.089023590087890733e-06
-4.559535980224609209e-06
-2.641372680664062635e-06
-1.057558059692382785e-05
-9.008789062500000336e-07
-4.995174407958984511e-06
-4.752540588378906299e-07
-5.302429199218749846e-09
-1.258888244628906347e-06
-1.456794738769531278e-06
-5.302429199218749846e-09
0.000000000000000000e+00
-4.865360260009765743e-06
-9.977149963378907298e-07
-3.035545349121094011e-07
-3.104858398437499912e-06
-1.678466796875000101e-08
-4.971313476562499672e-07
-7.619094848632812152e-07
-4.028892517089843453e-06
-1.352310180664062490e-08
0.000000000000000000e+00
-1.115798950195312531e-08
-1.741714477539062446e-06
-1.928901672363281206e-07
