-3.594018254280090252e-02
-2.928640699386596616e-02
-2.285340499877929615e-02
-1.180455522537231412e-02
-7.909803199768066645e-03
-6.836610221862792804e-03
-5.077556705474853445e-03
-3.933983325958251981e-03
-2.085200881958007655e-03
-2.109996700286865222e-03
-1.694651031494140555e-03
-2.463427257537841985e-03
-1.905515289306640696e-03
-1.622618961334228518e-03
-1.831392288208007852e-03
-2.092962074279785308e-03
-1.177719306945800839e-03
-9.600643157958983851e-04
-1.846151447296142485e-03
-8.345439910888672068e-04
-1.332326126098632834e-03
-6.619749069213866919e-04
-1.192039203643798862e-03
-9.302393913269042802e-04
-1.230038070678710852e-03
-1.115582656860351646e-03
-8.370795249938964592e-04
-4.266051292419433590e-04
-1.095646190643310633e-03
-4.475732803344726414e-04
-4.571768760681152433e-04
-4.308760643005371299e-04
-1.016945266723632765e-03
-8.244206428527832376e-04
-5.110486984252929181e-04
-2.936573982238769535e-04
-3.686869621276855327e-04
-2.869233131408691550e-04
-4.294956207275390375e-04
-3.475545883178711177e-04
-2.585541725158691352e-04
-3.982705116271972531e-04
-6.944194793701172165e-04
-6.432078361511230817e-04
-2.518469810485839643e-04
-5.715235710144042679e-04
-3.470620155334472822e-04
-3.542774200439453283e-04
-2.706371307373046670e-04
-4.918838500976562564e-04
-3.808690071105956835e-04
-4.787568092346191424e-04
-1.486429214477539185e-04
-1.699175834655761803e-04
-2.561854362487793165e-04
-2.719628334045410124e-04
-5.364659309387207180e-04
-1.914513587951660026e-04
-2.797781944274902247e-04
-1.646636009216308476e-04
-4.350480079650878985e-04
-2.132941246032714886e-04
-1.474053382873535085e-04
-3.475646018981933634e-04
-3.421458244323730353e-04
-3.916116714477538849e-04
-2.390658378601074143e-04
-5.282051086425781309e-04
-2.829518318176269670e-04
-1.601801872253417851e-04
-1.490500450134277363e-04
-2.664035797119140695e-04
-3.130220413208007705e-04
-3.306341171264648372e-05
-5.189259529113769177e-04
-7.667589187622069727e-05
-2.797280311584472712e-04
-2.692750930786132571e-04
-1.876729965209960943e-04
-2.098037719726562607e-04
-1.791277885437011824e-04
-2.246484756469726630e-04
-1.317949295043945339e-04
-3.367782592773437694e-04
-1.311381340026855386e-04
-1.668395996093749889e-04
-5.817340850830077887e-04
-4.716210365295410325e-04
-1.201565742492675829e-04
-1.866895675659179573e-04
-3.126720428466797132e-04
-2.719422340393066583e-04
-2.488325119018554776e-04
-2.821887016296386686e-04
-2.388250350952148384e-04
-1.149718284606933655e-04
-1.917804718017578015e-04
-2.974959373474120880e-04
-1.820313453674316537e-04
-2.329319953918457134e-04
-3.067637443542480425e-04
-2.450577735900878978e-04
-3.652247428894042744e-04
-1.764223098754882783e-04
-3.593521118164062431e-04
-2.204225540161132706e-04
-2.279032707214355337e-04
-2.531105995178222889e-04
-2.026696205139160139e-04
-2.865420341491699101e-04
-2.276885032653808724e-04
-1.346888542175293075e-04
-1.006235122680664012e-04
-2.122385978698730581e-04
-5.506834983825683412e-04
-1.284580230712890697e-04
-3.096052169799804929e-04
-1.349649429321288935e-04
-2.027866363525390693e-04
-3.176089286804199309e-04
-1.043694496154785184e-04
-1.118367195129394543e-04
-7.401046752929687068e-05
-2.213726997375488358e-04
-1.796265602111816475e-04
-1.269060134887695437e-04
-5.501676559448242338e-04
-1.102784156799316414e-04
-4.369945526123047091e-05
-1.490852355957031296e-04
-1.799052238464355345e-04
-2.180287361145019480e-04
-1.182103157043457037e-04
-1.429950714111328212e-04
-1.060731887817382876e-04
-2.102549552917480462e-04
-1.254034996032714919e-04
-2.144008636474609272e-04
-2.002077102661132743e-04
-2.109096527099609323e-04
-2.023868560791015523e-04
-2.233198165893554685e-04
-1.674621582031250017e-04
-1.576664924621582018e-04
-1.619595527648925732e-04
-4.329967498779296750e-05
-3.112518310546874881e-04
-1.434115409851074324e-04
-2.958733558654785150e-04
-1.557215690612792950e-04
-1.629565238952636677e-04
-8.063697814941406445e-05
-1.189554214477539084e-04
-2.536850929260254031e-04
-7.655935287475586085e-05
-1.309533119201660247e-04
-3.205556869506835622e-05
-1.382494926452636783e-04
-2.316516876220703217e-04
-1.664428710937499920e-04
-1.812851905822753808e-04
-8.919429779052734473e-05
-2.591425895690918093e-04
-1.118343353271484408e-04
-1.722846984863281360e-04
-1.523813247680664066e-04
-2.712780952453613080e-04
-1.440423965454101568e-04
-1.036048889160156309e-04
-6.511888504028320293e-05
-1.087383270263671828e-04
-7.404584884643555158e-05
-1.715926170349121036e-04
-7.135848999023437138e-05
-1.156412124633789075e-04
-8.260440826416016048e-05
-7.318992614746093462e-05
-1.518844604492187631e-04
-1.427763938903808729e-04
-3.407851219177245841e-04
-1.093669891357421813e-04
-6.282081604003906150e-05
-2.489099502563476676e-05
-1.372633934020995965e-04
-2.249906539916992276e-04
-1.264338493347168019e-04
-4.238376617431640508e-05
-1.410770416259765690e-04
-1.553053855895996152e-04
-4.587106704711914015e-05
-2.777129173278808654e-04
-1.129411697387695368e-04
-1.923478126525879025e-04
-2.456611633300781320e-04
-7.102165222167968286e-05
-5.409126281738281408e-05
-1.326752662658691481e-04
-3.939064979553222865e-04
-2.334842681884765765e-05
-1.292955398559570313e-04
-1.381548881530761819e-04
-7.570610046386718871e-05
-6.174697875976561945e-05
-8.603258132934569677e-05
-1.242380142211914026e-04
-2.954510688781738495e-04
-1.529901504516601471e-04
-2.169669151306152441e-04
-1.944005966186523318e-04
-1.533882141113281300e-04
-8.070907592773437155e-05
-2.821559906005859596e-04
-1.363078117370605520e-04
-1.496075630187988250e-04
-3.520069122314453344e-05
-1.298700332641601455e-04
-9.607801437377929083e-05
-2.153906822204589813e-04
-2.454361915588378833e-04
-2.752807617187500128e-04
-1.946865081787109300e-04
-1.086817741394042986e-04
-9.774560928344726946e-05
-1.563050270080566274e-04
-1.542262077331542835e-04
-4.039535522460937302e-05
-1.369648933410644515e-04
-1.470156669616699352e-04
-2.062994003295898562e-04
-8.583955764770507440e-05
-1.326802253723144626e-04
-9.944524765014647763e-05
-8.562097549438476988e-05
-7.174625396728515016e-05
-7.088009834289551222e-04
-4.838037490844726492e-05
-2.036363601684570296e-04
-2.257776260375976606e-04
-2.084026336669921975e-04
-1.594751358032226579e-04
-8.273029327392577670e-05
-3.146713256835937376e-04
-1.630057334899902375e-04
-2.108098983764648338e-04
-1.270231246948242158e-04
-1.313091278076171907e-04
-8.071060180664063155e-05
-3.801534652709960918e-04
-2.562549591064453361e-04
-1.598265647888183721e-04
-2.517184257507324168e-04
-3.148663520812988118e-04
-5.313262939453124688e-04
-1.722081184387206927e-04
-2.226117134094238214e-04
-1.197691917419433657e-04
-8.847951889038086263e-05
-2.032735824584960837e-04
-8.232450485229491776e-05
-4.323185920715331889e-04
-1.205381393432617185e-04
-1.879720687866211020e-04
-1.394918441772460881e-04
-1.588411331176757698e-04
-4.526754379272461006e-04
-2.197408676147460862e-04
-2.011697769165039069e-04
-1.350273132324218727e-04
-5.903940200805663999e-05
-1.895114898681640541e-04
-4.230461120605468785e-05
-2.078214645385742076e-04
-1.099095344543457098e-04
-7.670574188232421448e-05
-9.002923965454101888e-05
-2.725059509277343766e-04
-1.590652465820312515e-04
-2.148771286010742166e-04
-2.226053237915039042e-04
-2.175629615783691503e-04
-1.246663093566894643e-04
-6.763181686401367656e-05
-2.087302207946777229e-04
-9.415149688720702583e-05
-4.082965850830078353e-05
-1.002765655517578097e-04
-2.350496292114257792e-04
-1.481426239013671799e-04
-8.613309860229491843e-05
-9.782381057739257589e-05
-2.345340728759765490e-04
-1.125292778015136785e-04
-2.211036682128906261e-05
-9.097566604614258472e-05
-2.207782745361328198e-04
-5.162210464477539034e-05
-2.512080192565918158e-04
-2.408146858215331923e-04
-1.523123741149902226e-04
-2.013285636901855603e-04
