1.015400000000000053e-01
9.858000000000000096e-02
1.017600000000000032e-01
1.021200000000000024e-01
1.027600000000000041e-01
1.040200000000000014e-01
1.030999999999999972e-01
1.052400000000000002e-01
1.029800000000000021e-01
1.050200000000000022e-01
1.048800000000000010e-01
1.043000000000000038e-01
1.059999999999999970e-01
1.061200000000000060e-01
1.068000000000000060e-01
1.073400000000000049e-01
1.076399999999999996e-01
1.077000000000000041e-01
1.078999999999999959e-01
1.093400000000000066e-01
1.079999999999999988e-01
1.104799999999999949e-01
1.106000000000000039e-01
1.103399999999999936e-01
1.091599999999999931e-01
1.102000000000000063e-01
1.101400000000000018e-01
1.117599999999999982e-01
1.107599999999999973e-01
1.102599999999999969e-01
1.125000000000000028e-01
1.128399999999999959e-01
1.118200000000000027e-01
1.129000000000000004e-01
1.141999999999999960e-01
1.134200000000000069e-01
1.135800000000000004e-01
1.146199999999999997e-01
1.134799999999999975e-01
1.151800000000000046e-01
