9.991999999999999493e-02
1.003799999999999970e-01
1.000800000000000023e-01
1.000400000000000039e-01
1.000000000000000056e-01
1.000199999999999978e-01
9.986000000000000432e-02
9.997999999999999943e-02
1.001999999999999974e-01
1.001800000000000052e-01
1.002600000000000019e-01
1.000599999999999962e-01
1.003200000000000064e-01
1.004599999999999937e-01
1.004000000000000031e-01
1.004799999999999999e-01
1.005800000000000027e-01
1.008399999999999991e-01
1.007799999999999946e-01
1.008600000000000052e-01
1.007799999999999946e-01
1.007600000000000023e-01
1.009800000000000003e-01
1.010599999999999971e-01
1.012399999999999967e-01
1.013000000000000012e-01
1.012600000000000028e-01
1.012600000000000028e-01
1.011800000000000060e-01
1.011999999999999983e-01
1.011800000000000060e-01
1.013799999999999979e-01
1.014000000000000040e-01
1.014000000000000040e-01
1.012799999999999950e-01
1.013199999999999934e-01
1.013399999999999995e-01
1.014199999999999963e-01
1.014800000000000008e-01
1.015400000000000053e-01
1.015400000000000053e-01
1.015800000000000036e-01
1.015800000000000036e-01
1.015000000000000069e-01
1.015400000000000053e-01
1.014199999999999963e-01
1.014000000000000040e-01
1.014199999999999963e-01
1.014400000000000024e-01
1.014199999999999963e-01
1.013600000000000056e-01
1.013199999999999934e-01
1.013000000000000012e-01
1.014000000000000040e-01
1.013399999999999995e-01
1.014199999999999963e-01
1.014000000000000040e-01
1.013799999999999979e-01
1.013799999999999979e-01
1.014400000000000024e-01
1.014000000000000040e-01
1.014400000000000024e-01
1.014199999999999963e-01
1.014199999999999963e-01
1.014000000000000040e-01
1.014000000000000040e-01
1.013799999999999979e-01
1.014199999999999963e-01
1.014000000000000040e-01
1.014000000000000040e-01
1.013799999999999979e-01
1.013600000000000056e-01
1.013600000000000056e-01
1.013199999999999934e-01
1.013199999999999934e-01
1.013199999999999934e-01
1.013399999999999995e-01
1.013399999999999995e-01
1.013600000000000056e-01
1.013799999999999979e-01
1.014000000000000040e-01
1.013600000000000056e-01
1.014599999999999946e-01
1.014400000000000024e-01
1.014599999999999946e-01
1.014599999999999946e-01
1.014000000000000040e-01
1.014400000000000024e-01
1.014000000000000040e-01
1.013799999999999979e-01
1.013799999999999979e-01
1.013399999999999995e-01
1.013199999999999934e-01
1.012799999999999950e-01
1.012799999999999950e-01
1.012200000000000044e-01
1.012200000000000044e-01
1.011999999999999983e-01
1.011999999999999983e-01
1.011800000000000060e-01
1.011800000000000060e-01
1.012200000000000044e-01
1.011999999999999983e-01
1.011800000000000060e-01
1.011800000000000060e-01
1.012399999999999967e-01
1.012799999999999950e-01
1.013399999999999995e-01
1.013199999999999934e-01
1.013199999999999934e-01
1.013000000000000012e-01
1.012799999999999950e-01
1.012799999999999950e-01
1.012399999999999967e-01
1.012600000000000028e-01
1.013199999999999934e-01
1.013399999999999995e-01
1.013399999999999995e-01
1.013799999999999979e-01
1.013799999999999979e-01
1.013600000000000056e-01
1.013600000000000056e-01
1.014199999999999963e-01
1.014000000000000040e-01
1.014599999999999946e-01
1.014400000000000024e-01
1.013799999999999979e-01
1.013600000000000056e-01
1.013600000000000056e-01
1.013000000000000012e-01
1.012799999999999950e-01
1.012399999999999967e-01
1.011999999999999983e-01
1.011999999999999983e-01
1.011999999999999983e-01
1.012200000000000044e-01
1.011999999999999983e-01
1.011800000000000060e-01
1.011599999999999999e-01
1.011599999999999999e-01
1.011800000000000060e-01
1.011800000000000060e-01
1.011999999999999983e-01
1.011999999999999983e-01
1.011999999999999983e-01
1.011999999999999983e-01
1.011800000000000060e-01
1.011999999999999983e-01
1.012200000000000044e-01
1.012200000000000044e-01
1.012399999999999967e-01
1.012200000000000044e-01
1.012399999999999967e-01
1.013000000000000012e-01
1.012799999999999950e-01
1.012799999999999950e-01
1.012600000000000028e-01
1.013199999999999934e-01
1.013199999999999934e-01
1.013199999999999934e-01
1.013199999999999934e-01
1.013000000000000012e-01
1.013000000000000012e-01
1.012600000000000028e-01
1.012399999999999967e-01
1.012399999999999967e-01
1.012399999999999967e-01
1.012600000000000028e-01
1.012399999999999967e-01
1.011999999999999983e-01
1.011999999999999983e-01
1.011800000000000060e-01
1.011599999999999999e-01
1.011399999999999938e-01
1.011399999999999938e-01
1.011399999999999938e-01
1.011399999999999938e-01
1.011399999999999938e-01
1.011200000000000015e-01
1.010999999999999954e-01
1.010800000000000032e-01
1.010999999999999954e-01
1.010800000000000032e-01
1.010400000000000048e-01
1.010400000000000048e-01
1.010400000000000048e-01
1.010400000000000048e-01
1.010400000000000048e-01
1.010800000000000032e-01
1.010800000000000032e-01
1.010800000000000032e-01
1.010800000000000032e-01
1.010800000000000032e-01
1.010800000000000032e-01
1.010999999999999954e-01
1.010800000000000032e-01
1.010999999999999954e-01
1.010599999999999971e-01
1.010599999999999971e-01
1.010599999999999971e-01
1.010400000000000048e-01
1.010599999999999971e-01
1.010800000000000032e-01
1.010800000000000032e-01
1.010599999999999971e-01
1.010599999999999971e-01
1.010400000000000048e-01
1.010400000000000048e-01
1.010400000000000048e-01
1.010199999999999987e-01
1.010000000000000064e-01
1.010000000000000064e-01
1.010000000000000064e-01
1.010000000000000064e-01
1.009800000000000003e-01
1.009800000000000003e-01
1.010000000000000064e-01
1.010000000000000064e-01
1.010000000000000064e-01
1.010000000000000064e-01
1.010000000000000064e-01
1.010000000000000064e-01
1.010199999999999987e-01
1.010800000000000032e-01
1.010599999999999971e-01
1.010800000000000032e-01
1.010800000000000032e-01
1.010800000000000032e-01
1.010800000000000032e-01
1.010599999999999971e-01
1.010599999999999971e-01
1.010400000000000048e-01
1.010400000000000048e-01
1.010400000000000048e-01
1.010400000000000048e-01
1.010400000000000048e-01
1.010199999999999987e-01
1.010000000000000064e-01
1.010000000000000064e-01
1.009800000000000003e-01
1.009800000000000003e-01
1.010000000000000064e-01
1.010000000000000064e-01
1.009599999999999942e-01
1.009599999999999942e-01
1.009599999999999942e-01
1.009800000000000003e-01
1.009599999999999942e-01
1.009400000000000019e-01
1.009599999999999942e-01
1.009599999999999942e-01
1.009599999999999942e-01
1.009400000000000019e-01
1.009199999999999958e-01
1.009199999999999958e-01
1.009000000000000036e-01
1.008600000000000052e-01
1.008600000000000052e-01
1.008600000000000052e-01
1.008600000000000052e-01
1.008799999999999975e-01
1.008799999999999975e-01
1.008600000000000052e-01
1.008600000000000052e-01
1.008600000000000052e-01
1.008600000000000052e-01
1.008600000000000052e-01
1.008600000000000052e-01
1.008600000000000052e-01
1.008600000000000052e-01
1.008600000000000052e-01
1.008799999999999975e-01
1.009000000000000036e-01
1.009000000000000036e-01
1.009000000000000036e-01
1.009199999999999958e-01
1.009000000000000036e-01
1.009199999999999958e-01
1.009199999999999958e-01
1.009000000000000036e-01
1.009000000000000036e-01
1.009000000000000036e-01
1.009000000000000036e-01
1.009000000000000036e-01
1.009199999999999958e-01
1.009000000000000036e-01
1.009000000000000036e-01
1.009000000000000036e-01
1.009000000000000036e-01
1.008799999999999975e-01
1.008799999999999975e-01
1.009000000000000036e-01
1.009000000000000036e-01
1.009000000000000036e-01
1.009000000000000036e-01
1.009000000000000036e-01
1.009199999999999958e-01
1.009199999999999958e-01
1.009199999999999958e-01
1.009400000000000019e-01
1.009400000000000019e-01
1.009400000000000019e-01
1.009400000000000019e-01
1.009199999999999958e-01
1.009199999999999958e-01
1.009199999999999958e-01
1.009199999999999958e-01
1.009400000000000019e-01
1.009400000000000019e-01
1.009199999999999958e-01
1.009199999999999958e-01
1.009199999999999958e-01
1.009199999999999958e-01
1.009199999999999958e-01
1.009199999999999958e-01
1.009199999999999958e-01
1.009199999999999958e-01
1.009199999999999958e-01
1.009199999999999958e-01
1.009199999999999958e-01
1.009199999999999958e-01
1.009199999999999958e-01
1.009199999999999958e-01
1.009400000000000019e-01
1.009400000000000019e-01
1.009400000000000019e-01
1.009400000000000019e-01
1.009400000000000019e-01
1.009599999999999942e-01
1.009800000000000003e-01
1.009800000000000003e-01
1.010000000000000064e-01
1.010400000000000048e-01
1.010599999999999971e-01
1.010599999999999971e-01
1.010599999999999971e-01
1.010400000000000048e-01
1.010400000000000048e-01
1.010400000000000048e-01
1.010599999999999971e-01
1.010599999999999971e-01
1.010999999999999954e-01
1.010999999999999954e-01
1.011200000000000015e-01
1.011399999999999938e-01
1.011399999999999938e-01
1.011399999999999938e-01
1.011399999999999938e-01
1.011399999999999938e-01
1.011399999999999938e-01
1.011399999999999938e-01
1.011399999999999938e-01
1.011399999999999938e-01
1.011399999999999938e-01
1.011399999999999938e-01
1.011399999999999938e-01
1.011599999999999999e-01
1.011599999999999999e-01
1.011999999999999983e-01
1.011999999999999983e-01
1.011999999999999983e-01
1.011999999999999983e-01
1.011999999999999983e-01
1.012200000000000044e-01
1.012200000000000044e-01
1.012200000000000044e-01
1.012399999999999967e-01
1.012399999999999967e-01
1.012200000000000044e-01
1.012399999999999967e-01
1.012399999999999967e-01
1.012399999999999967e-01
1.012399999999999967e-01
1.012600000000000028e-01
1.012600000000000028e-01
1.012600000000000028e-01
1.012399999999999967e-01
1.012399999999999967e-01
1.012600000000000028e-01
1.012600000000000028e-01
1.012600000000000028e-01
1.012600000000000028e-01
1.012600000000000028e-01
1.012600000000000028e-01
1.012600000000000028e-01
1.012600000000000028e-01
1.012600000000000028e-01
1.012600000000000028e-01
1.012600000000000028e-01
1.012600000000000028e-01
1.012399999999999967e-01
1.012399999999999967e-01
1.012200000000000044e-01
1.012200000000000044e-01
1.012200000000000044e-01
1.012200000000000044e-01
1.011999999999999983e-01
1.011999999999999983e-01
1.011999999999999983e-01
1.011999999999999983e-01
1.011999999999999983e-01
1.011999999999999983e-01
1.011999999999999983e-01
1.011999999999999983e-01
1.011999999999999983e-01
1.011999999999999983e-01
1.011999999999999983e-01
1.011800000000000060e-01
1.011800000000000060e-01
1.011800000000000060e-01
1.011800000000000060e-01
1.011800000000000060e-01
1.011800000000000060e-01
1.011800000000000060e-01
1.011800000000000060e-01
1.011800000000000060e-01
1.011800000000000060e-01
1.011800000000000060e-01
1.011800000000000060e-01
1.011800000000000060e-01
1.011800000000000060e-01
1.011999999999999983e-01
1.012200000000000044e-01
1.012200000000000044e-01
1.012399999999999967e-01
1.012399999999999967e-01
1.012399999999999967e-01
1.012399999999999967e-01
1.012600000000000028e-01
1.012600000000000028e-01
1.012600000000000028e-01
1.012600000000000028e-01
1.012600000000000028e-01
1.012600000000000028e-01
1.012600000000000028e-01
1.012799999999999950e-01
1.012799999999999950e-01
1.012799999999999950e-01
1.012799999999999950e-01
1.012799999999999950e-01
1.012799999999999950e-01
1.012799999999999950e-01
1.012600000000000028e-01
1.012600000000000028e-01
1.012600000000000028e-01
1.012600000000000028e-01
1.012600000000000028e-01
1.012600000000000028e-01
1.012600000000000028e-01
1.012799999999999950e-01
1.012799999999999950e-01
1.012600000000000028e-01
1.012600000000000028e-01
1.012600000000000028e-01
1.012600000000000028e-01
1.012600000000000028e-01
1.012600000000000028e-01
1.012600000000000028e-01
1.012600000000000028e-01
1.012600000000000028e-01
1.012600000000000028e-01
1.012600000000000028e-01
1.012600000000000028e-01
1.012600000000000028e-01
1.012600000000000028e-01
1.012600000000000028e-01
1.012600000000000028e-01
1.012600000000000028e-01
1.012600000000000028e-01
1.012600000000000028e-01
1.012399999999999967e-01
1.012399999999999967e-01
1.012399999999999967e-01
1.012600000000000028e-01
1.012600000000000028e-01
1.012600000000000028e-01
1.012600000000000028e-01
1.012600000000000028e-01
1.012600000000000028e-01
1.012600000000000028e-01
1.012600000000000028e-01
1.012600000000000028e-01
1.012600000000000028e-01
1.012600000000000028e-01
1.012600000000000028e-01
1.012600000000000028e-01
1.012600000000000028e-01
1.012600000000000028e-01
1.012600000000000028e-01
1.012600000000000028e-01
1.012799999999999950e-01
1.012799999999999950e-01
1.012799999999999950e-01
1.012600000000000028e-01
1.012600000000000028e-01
1.012600000000000028e-01
1.012600000000000028e-01
1.012600000000000028e-01
1.012600000000000028e-01
1.012600000000000028e-01
