2.988800000381469646e-01
3.277200000381469969e-01
3.357000000572204490e-01
3.407000000286102281e-01
3.438199999713897892e-01
3.469200000190734712e-01
3.496000000000000218e-01
3.511800000095367524e-01
3.528200000000000225e-01
3.544399999713897520e-01
3.553400000381469748e-01
3.565800000190734731e-01
3.576600000095367382e-01
3.588000000095367681e-01
3.593999999618530117e-01
3.601000000190734962e-01
3.610400000190734926e-01
3.618799999999999795e-01
3.625000000286102142e-01
3.631599999618530528e-01
