3.125000000000000000e-01
4.261599999999999833e-01
4.636000000000000121e-01
4.964199999999999724e-01
5.219799999999999995e-01
5.463999999999999968e-01
5.605599999999999472e-01
5.760600000000000165e-01
5.894000000000000350e-01
5.973800000000000221e-01
6.071600000000000330e-01
6.134600000000000053e-01
6.194199999999999706e-01
6.275800000000000267e-01
6.342999999999999750e-01
6.405399999999999983e-01
6.457000000000000517e-01
6.492999999999999883e-01
6.556600000000000206e-01
6.592400000000000482e-01
6.630000000000000338e-01
6.667199999999999793e-01
6.706199999999999939e-01
6.749199999999999644e-01
6.765400000000000302e-01
6.801399999999999668e-01
6.828400000000000025e-01
6.875999999999999890e-01
6.888600000000000279e-01
6.916200000000000125e-01
6.913599999999999746e-01
6.944200000000000372e-01
6.974599999999999689e-01
6.966200000000000170e-01
7.007400000000000295e-01
7.014200000000000434e-01
7.056200000000000250e-01
7.080600000000000227e-01
7.079600000000000337e-01
7.077999999999999847e-01
7.117599999999999483e-01
7.127999999999999892e-01
7.148400000000000309e-01
7.150400000000000089e-01
7.170199999999999907e-01
7.160199999999999898e-01
7.199400000000000244e-01
7.214599999999999902e-01
7.224199999999999511e-01
7.229200000000000070e-01
7.237599999999999589e-01
7.253800000000000248e-01
7.262999999999999456e-01
7.274000000000000465e-01
7.265599999999999836e-01
7.286799999999999944e-01
7.304000000000000492e-01
7.299400000000000333e-01
7.309400000000000341e-01
7.332199999999999829e-01
7.329799999999999649e-01
7.338200000000000278e-01
7.365399999999999725e-01
7.350600000000000467e-01
7.380799999999999583e-01
7.368000000000000105e-01
7.398200000000000331e-01
7.389200000000000212e-01
7.399000000000000021e-01
7.406199999999999450e-01
7.437399999999999567e-01
7.429000000000000048e-01
7.423399999999999999e-01
7.457399999999999585e-01
7.450400000000000356e-01
7.464399999999999924e-01
7.475000000000000533e-01
7.478200000000000403e-01
7.476599999999999913e-01
7.492600000000000371e-01
7.465399999999999814e-01
7.490799999999999681e-01
7.486199999999999521e-01
7.518200000000000438e-01
7.513199999999999878e-01
7.534600000000000186e-01
7.530000000000000027e-01
7.520799999999999708e-01
7.571799999999999642e-01
7.565199999999999703e-01
7.546800000000000175e-01
7.544999999999999485e-01
7.566000000000000503e-01
7.566800000000000193e-01
7.578599999999999781e-01
7.585399999999999920e-01
7.582400000000000251e-01
7.583800000000000541e-01
7.604199999999999848e-01
7.584400000000000031e-01
7.611200000000000188e-01
7.598599999999999799e-01
7.629399999999999515e-01
7.609000000000000208e-01
7.622400000000000286e-01
7.637199999999999545e-01
7.617599999999999927e-01
7.642400000000000304e-01
7.667199999999999571e-01
7.660000000000000142e-01
7.640599999999999614e-01
7.642799999999999594e-01
7.672600000000000531e-01
7.669799999999999951e-01
7.645399999999999974e-01
7.661999999999999922e-01
7.688800000000000079e-01
7.673799999999999510e-01
7.694999999999999618e-01
7.665600000000000191e-01
7.691999999999999948e-01
7.698800000000000088e-01
7.702999999999999847e-01
7.713999999999999746e-01
7.687599999999999989e-01
7.718800000000000106e-01
7.694400000000000128e-01
7.717399999999999816e-01
7.723200000000000065e-01
7.717000000000000526e-01
7.711799999999999766e-01
7.740599999999999703e-01
7.720399999999999485e-01
7.733799999999999564e-01
7.745400000000000063e-01
7.724199999999999955e-01
7.740200000000000413e-01
7.721999999999999975e-01
7.748599999999999932e-01
7.747000000000000552e-01
7.735999999999999543e-01
7.760000000000000231e-01
7.746199999999999752e-01
7.744199999999999973e-01
7.768800000000000150e-01
7.777399999999999869e-01
7.762599999999999500e-01
7.754600000000000382e-01
7.743799999999999573e-01
7.763400000000000301e-01
7.781799999999999828e-01
7.787199999999999678e-01
7.772599999999999509e-01
7.769399999999999640e-01
7.780799999999999939e-01
7.781799999999999828e-01
7.786999999999999478e-01
7.756999999999999451e-01
7.782200000000000228e-01
7.778399999999999759e-01
7.793200000000000127e-01
7.772200000000000220e-01
7.793999999999999817e-01
7.789199999999999458e-01
7.793999999999999817e-01
7.795600000000000307e-01
7.800000000000000266e-01
7.841000000000000192e-01
7.804200000000000026e-01
7.806600000000000206e-01
7.810399999999999565e-01
7.806400000000000006e-01
7.807600000000000096e-01
7.793799999999999617e-01
7.801000000000000156e-01
7.831599999999999673e-01
7.831200000000000383e-01
7.813400000000000345e-01
7.822000000000000064e-01
7.809199999999999475e-01
7.812400000000000455e-01
7.840200000000000502e-01
7.835400000000000142e-01
7.815999999999999615e-01
7.833999999999999853e-01
7.849000000000000421e-01
7.831200000000000383e-01
7.846800000000000441e-01
7.826400000000000023e-01
7.849800000000000111e-01
7.812999999999999945e-01
7.867399999999999949e-01
7.817600000000000104e-01
7.824200000000000044e-01
7.836999999999999522e-01
7.831399999999999473e-01
7.841000000000000192e-01
7.829000000000000403e-01
7.848800000000000221e-01
7.869199999999999529e-01
7.841399999999999482e-01
7.851399999999999491e-01
7.881200000000000427e-01
7.860800000000000010e-01
7.870800000000000018e-01
7.883999999999999897e-01
7.847199999999999731e-01
7.873400000000000398e-01
7.865400000000000169e-01
7.874999999999999778e-01
7.866199999999999859e-01
7.873599999999999488e-01
7.869199999999999529e-01
7.873400000000000398e-01
7.889399999999999746e-01
7.881399999999999517e-01
7.871200000000000419e-01
7.905999999999999694e-01
7.881000000000000227e-01
7.893799999999999706e-01
7.872799999999999798e-01
7.880399999999999627e-01
7.904200000000000115e-01
7.879800000000000137e-01
7.883599999999999497e-01
7.849199999999999511e-01
7.873799999999999688e-01
7.886999999999999567e-01
7.896400000000000086e-01
7.883799999999999697e-01
7.894400000000000306e-01
7.925600000000000422e-01
7.903200000000000225e-01
7.883200000000000207e-01
7.913799999999999724e-01
7.895400000000000196e-01
7.907800000000000384e-01
7.924999999999999822e-01
7.924999999999999822e-01
7.912400000000000544e-01
7.882000000000000117e-01
7.898199999999999665e-01
7.939800000000000191e-01
7.903200000000000225e-01
7.923200000000000243e-01
7.926199999999999912e-01
7.905799999999999494e-01
7.919599999999999973e-01
7.926600000000000312e-01
7.891399999999999526e-01
7.909000000000000474e-01
7.937400000000000011e-01
7.927400000000000002e-01
7.932399999999999451e-01
7.940199999999999481e-01
7.931200000000000472e-01
7.931799999999999962e-01
7.941000000000000281e-01
7.947999999999999510e-01
7.934600000000000541e-01
7.926400000000000112e-01
7.904400000000000315e-01
7.937999999999999501e-01
7.911200000000000454e-01
7.957999999999999519e-01
7.949399999999999800e-01
7.949800000000000200e-01
7.927400000000000002e-01
7.972799999999999887e-01
7.953999999999999959e-01
7.951799999999999979e-01
7.934799999999999631e-01
7.949600000000000000e-01
7.942799999999999860e-01
7.944200000000000150e-01
7.935600000000000431e-01
7.942599999999999660e-01
7.972599999999999687e-01
7.939000000000000501e-01
7.944400000000000350e-01
7.960599999999999898e-01
7.939599999999999991e-01
7.946800000000000530e-01
7.970000000000000417e-01
7.969600000000000017e-01
7.969800000000000217e-01
7.966199999999999948e-01
7.961200000000000498e-01
7.963999999999999968e-01
7.944400000000000350e-01
8.000199999999999534e-01
7.967400000000000038e-01
7.972799999999999887e-01
7.981800000000000006e-01
8.001000000000000334e-01
7.979600000000000026e-01
7.980199999999999516e-01
8.003599999999999604e-01
7.979000000000000536e-01
7.992799999999999905e-01
7.981599999999999806e-01
7.992200000000000415e-01
7.985400000000000276e-01
7.987199999999999855e-01
7.981800000000000006e-01
7.982399999999999496e-01
7.983000000000000096e-01
7.973799999999999777e-01
7.991599999999999815e-01
8.014400000000000412e-01
7.977199999999999847e-01
7.990599999999999925e-01
7.985400000000000276e-01
7.991000000000000325e-01
7.999399999999999844e-01
8.006400000000000183e-01
7.987999999999999545e-01
8.000599999999999934e-01
7.991399999999999615e-01
7.995400000000000285e-01
7.994200000000000195e-01
7.990599999999999925e-01
8.006400000000000183e-01
8.001000000000000334e-01
7.970800000000000107e-01
7.983599999999999586e-01
8.045200000000000129e-01
8.009800000000000253e-01
8.000000000000000444e-01
7.993799999999999795e-01
8.014000000000000012e-01
8.009199999999999653e-01
8.015200000000000102e-01
8.025999999999999801e-01
7.992799999999999905e-01
8.000000000000000444e-01
8.013000000000000123e-01
8.006600000000000383e-01
8.015200000000000102e-01
8.024200000000000221e-01
8.049600000000000088e-01
8.016400000000000192e-01
8.004200000000000204e-01
8.041599999999999859e-01
8.009600000000000053e-01
8.013200000000000323e-01
8.015799999999999592e-01
8.002799999999999914e-01
8.012000000000000233e-01
8.056999999999999718e-01
8.011399999999999633e-01
8.032799999999999940e-01
8.030000000000000471e-01
8.024200000000000221e-01
8.023799999999999821e-01
8.050000000000000488e-01
8.024999999999999911e-01
8.032200000000000450e-01
8.055600000000000538e-01
8.043599999999999639e-01
8.021800000000000042e-01
8.038800000000000390e-01
8.050199999999999578e-01
8.047400000000000109e-01
8.039600000000000080e-01
8.031599999999999850e-01
8.035999999999999810e-01
8.020199999999999552e-01
8.014000000000000012e-01
8.026799999999999491e-01
8.032399999999999540e-01
8.047999999999999599e-01
8.028399999999999981e-01
8.050399999999999778e-01
8.024000000000000021e-01
8.030599999999999961e-01
8.066999999999999726e-01
8.048399999999999999e-01
8.060199999999999587e-01
8.028800000000000381e-01
8.033200000000000340e-01
8.048600000000000199e-01
8.050399999999999778e-01
8.048999999999999488e-01
8.054599999999999538e-01
8.048600000000000199e-01
8.037600000000000300e-01
8.024000000000000021e-01
8.055999999999999828e-01
8.059800000000000297e-01
8.061199999999999477e-01
8.040399999999999769e-01
8.041199999999999459e-01
8.046400000000000219e-01
8.049399999999999888e-01
8.040800000000000169e-01
8.079600000000000115e-01
8.056200000000000028e-01
8.042799999999999949e-01
8.054200000000000248e-01
