1.033000000000000029e-01
2.013999999999999124e-02
4.199999999999981526e-03
1.580000000000025828e-03
-3.377999999999997671e-02
-3.139999999999998348e-02
-2.355999999999991434e-02
-1.356000000000001648e-02
-2.990000000000003766e-02
-8.680000000000021032e-03
-3.766000000000002679e-02
-3.935999999999995058e-02
-2.842000000000000082e-02
-2.528000000000008018e-02
-4.269999999999996021e-02
-4.083999999999998742e-02
-5.360000000000009202e-02
-5.130000000000001226e-02
-5.076000000000002732e-02
-5.383999999999999897e-02
-6.369999999999997886e-02
-7.201999999999997293e-02
-5.932000000000003936e-02
-8.441999999999993953e-02
-6.003999999999998227e-02
-7.384000000000001673e-02
-6.584000000000000963e-02
-8.150000000000001688e-02
-7.216000000000000192e-02
-7.252000000000002888e-02
-8.735999999999999321e-02
-7.952000000000003510e-02
-8.025999999999999801e-02
-9.311999999999998057e-02
-9.594000000000002526e-02
-8.552000000000004043e-02
-9.592000000000000526e-02
-1.027600000000000735e-01
-9.655999999999997918e-02
-9.409999999999996145e-02
-9.435999999999999943e-02
-9.599999999999997424e-02
-1.162400000000000100e-01
-9.733999999999998209e-02
-1.127200000000000424e-01
-9.541999999999994930e-02
-1.017400000000000526e-01
-1.209599999999999564e-01
-9.911999999999998590e-02
-1.088200000000000278e-01
-1.191599999999999326e-01
-1.144800000000000262e-01
-1.064999999999999281e-01
-1.316000000000000503e-01
-1.128599999999999604e-01
-1.101799999999999446e-01
-1.249000000000000110e-01
-1.121400000000000174e-01
-1.094399999999999817e-01
-1.223199999999999843e-01
-1.188799999999999857e-01
-1.315200000000000813e-01
-1.221400000000000263e-01
-1.319600000000000772e-01
-1.261799999999999589e-01
-1.215000000000000524e-01
-1.296200000000000685e-01
-1.245200000000000751e-01
-1.383999999999999675e-01
-1.268199999999999328e-01
-1.266399999999999748e-01
-1.525999999999999579e-01
-1.352400000000000269e-01
-1.326399999999999801e-01
-1.247400000000000730e-01
-1.322400000000000242e-01
-1.259000000000000119e-01
-1.377200000000000646e-01
-1.268599999999999728e-01
-1.432600000000000540e-01
-1.317399999999999682e-01
-1.288799999999999946e-01
-1.361199999999999077e-01
-1.453200000000000047e-01
-1.376199999999999646e-01
-1.388599999999999834e-01
-1.502999999999999892e-01
-1.487800000000000233e-01
-1.424799999999999400e-01
-1.452200000000000157e-01
-1.378800000000000026e-01
-1.522000000000000020e-01
-1.461000000000000076e-01
-1.500799999999999912e-01
-1.519599999999999840e-01
-1.674400000000000333e-01
-1.573400000000000354e-01
-1.437800000000000189e-01
-1.430200000000000360e-01
-1.474400000000000155e-01
-1.558200000000000696e-01
-1.459599999999999786e-01
-1.544399999999999107e-01
-1.503999999999999782e-01
-1.416399999999999881e-01
-1.473200000000000065e-01
-1.509599999999999831e-01
-1.554400000000000226e-01
-1.575199999999999934e-01
-1.593999999999999861e-01
-1.533599999999999408e-01
-1.677799999999999292e-01
-1.519600000000000950e-01
-1.515800000000000480e-01
-1.673400000000000443e-01
-1.665999999999999703e-01
-1.580799999999999983e-01
-1.640800000000000036e-01
-1.623999999999999888e-01
-1.570599999999999774e-01
-1.635999999999999677e-01
-1.660800000000000054e-01
-1.671000000000000263e-01
-1.678999999999999382e-01
-1.691599999999999770e-01
-1.821800000000000086e-01
-1.725400000000000267e-01
-1.606400000000000050e-01
-1.747199999999999864e-01
-1.709000000000000519e-01
-1.698800000000000310e-01
-1.690599999999999881e-01
-1.698399999999999910e-01
-1.772799999999999931e-01
-1.712400000000000588e-01
-1.670199999999999463e-01
-1.651200000000000445e-01
-1.712000000000000188e-01
-1.729600000000000026e-01
-1.722000000000000197e-01
-1.671999999999999043e-01
-1.781000000000000361e-01
-1.747199999999999864e-01
-1.913200000000000456e-01
-1.770800000000000152e-01
-1.831399999999999695e-01
-1.734599999999999476e-01
-1.802600000000000868e-01
-1.794799999999999729e-01
-1.794400000000000439e-01
-1.764799999999999702e-01
-1.821199999999999486e-01
-1.730599999999999916e-01
-1.832399999999999585e-01
-1.887799999999999478e-01
-1.740800000000000125e-01
-1.808999999999999497e-01
-1.876999999999999780e-01
-1.898199999999999887e-01
-1.810399999999999787e-01
-1.806200000000000028e-01
-1.851200000000000623e-01
-1.797999999999999599e-01
-1.755199999999998983e-01
-1.772000000000000242e-01
-1.764600000000000612e-01
-1.839000000000000634e-01
-2.030000000000000693e-01
-1.812200000000000477e-01
-1.850600000000000023e-01
-1.846399999999999153e-01
-1.884400000000000519e-01
-1.930600000000000094e-01
-1.819799999999999196e-01
-1.889000000000000679e-01
-1.922599999999999865e-01
-1.877199999999999980e-01
-1.816400000000000237e-01
-1.814999999999999947e-01
-1.859199999999999742e-01
-1.885400000000000409e-01
-1.875200000000000200e-01
-1.937400000000000233e-01
-1.850999999999999313e-01
-1.894000000000000128e-01
-1.923000000000000265e-01
-1.806200000000000028e-01
-1.813800000000000967e-01
-1.892399999999999638e-01
-1.891800000000000148e-01
-1.994000000000000217e-01
-1.967400000000000260e-01
-1.805600000000000538e-01
-1.876200000000000090e-01
-1.910999999999999366e-01
-1.895399999999999308e-01
-1.911000000000000476e-01
-1.928000000000000824e-01
-1.870800000000000241e-01
-1.881199999999999539e-01
-1.948399999999999022e-01
-1.877399999999999070e-01
-2.050200000000000911e-01
-2.078799999999999537e-01
-1.912800000000000056e-01
-1.947999999999999732e-01
-1.869199999999999751e-01
-1.991400000000000947e-01
-1.969400000000000039e-01
-2.004000000000000226e-01
-1.953199999999999381e-01
-1.875599999999999490e-01
-1.894199999999999218e-01
-1.957400000000000251e-01
-1.911399999999999766e-01
-1.938399999999999013e-01
-1.977200000000000069e-01
-1.927999999999999714e-01
-1.916999999999999815e-01
-1.911800000000000166e-01
-1.989799999999999347e-01
-1.829399999999999915e-01
-2.009199999999999875e-01
-1.862800000000000011e-01
-1.899599999999999067e-01
-1.880199999999999649e-01
-1.910799999999999166e-01
-1.918999999999999595e-01
-1.956400000000000361e-01
-2.058799999999999519e-01
-1.938400000000000123e-01
-2.030600000000000183e-01
-1.962200000000000610e-01
-1.861200000000000632e-01
-1.922800000000000065e-01
-1.986400000000000388e-01
-1.896800000000000708e-01
-1.950999999999999401e-01
-2.026999999999999913e-01
-2.012400000000000855e-01
-2.027999999999999803e-01
-1.977200000000000069e-01
-1.986799999999999677e-01
-1.954200000000000381e-01
-2.129199999999999982e-01
-2.071199999999999708e-01
-1.913799999999999946e-01
-1.938600000000000323e-01
-2.033599999999999852e-01
-1.924399999999999444e-01
-1.973000000000000309e-01
-1.958400000000000141e-01
-2.037400000000000322e-01
-2.014399999999999524e-01
-2.098199999999998955e-01
-2.103200000000000625e-01
-2.023800000000000043e-01
-2.113000000000000433e-01
-2.020999999999999464e-01
-2.164600000000000968e-01
-1.956400000000000361e-01
-2.035400000000000542e-01
-2.030999999999999472e-01
-2.130200000000000982e-01
-2.009999999999999565e-01
-2.020399999999999974e-01
-2.092800000000000216e-01
-2.027400000000000313e-01
-2.094799999999999995e-01
-2.065000000000000169e-01
-1.995799999999999796e-01
-1.923799999999999955e-01
-2.127599999999999492e-01
-2.055799999999999850e-01
-2.011199999999999655e-01
-2.020600000000000174e-01
-2.045599999999999641e-01
-2.203600000000000003e-01
-2.061000000000000609e-01
-2.025400000000000533e-01
-2.067599999999999438e-01
-2.007600000000000495e-01
-2.020800000000000374e-01
-2.052000000000000490e-01
-2.117599999999999483e-01
-1.985799999999999788e-01
-2.047200000000000131e-01
-1.981200000000000738e-01
-2.023000000000000353e-01
-2.047400000000000331e-01
-2.054199999999999360e-01
-2.201400000000000023e-01
-2.044799999999999951e-01
-2.062800000000000189e-01
-2.145000000000000240e-01
-2.126599999999999602e-01
-2.055199999999999250e-01
-2.116599999999999593e-01
-1.985000000000000098e-01
-2.117799999999999683e-01
-2.176599999999999646e-01
-2.158200000000000118e-01
-2.110400000000000054e-01
-2.114199999999999413e-01
-2.058799999999999519e-01
-2.037399999999999212e-01
-2.115000000000000213e-01
-2.127799999999999692e-01
-2.106599999999999584e-01
-2.055400000000000560e-01
-2.072199999999999598e-01
-2.051600000000000090e-01
-2.002399999999999736e-01
-2.214000000000000412e-01
-2.113399999999999723e-01
-2.079400000000000137e-01
-2.017999999999999794e-01
-2.317599999999999660e-01
-2.149399999999999089e-01
-2.065400000000000569e-01
-2.086200000000000276e-01
-2.144599999999999840e-01
-2.169400000000000217e-01
-2.217999999999999972e-01
-2.072800000000000198e-01
-2.094599999999999795e-01
-2.216200000000000392e-01
-2.144800000000000040e-01
-2.194000000000000394e-01
-2.139799999999999480e-01
-2.114000000000000323e-01
-2.112199999999999633e-01
-2.111199999999999743e-01
-2.208999999999999853e-01
-2.103800000000000114e-01
-2.226000000000000201e-01
-2.000000000000000666e-01
-2.036600000000000632e-01
-2.148200000000000109e-01
-2.206200000000000383e-01
-2.146599999999999620e-01
-2.114400000000000723e-01
-2.080199999999999827e-01
-2.194599999999999884e-01
-2.248600000000000598e-01
-2.061200000000000809e-01
-2.180799999999999406e-01
-2.205799999999999983e-01
-2.145000000000000240e-01
-2.214999999999999192e-01
-2.155399999999999539e-01
-2.204800000000000093e-01
-2.091000000000000636e-01
-2.096200000000000285e-01
-2.102800000000000225e-01
-2.212000000000000632e-01
-2.117999999999999883e-01
-2.102200000000000735e-01
-2.170600000000000307e-01
-2.222600000000000131e-01
-2.216799999999999882e-01
-2.119800000000000573e-01
-2.139199999999999990e-01
-2.170400000000000107e-01
-2.130600000000000271e-01
-2.202600000000000113e-01
-2.322999999999999510e-01
-2.112199999999999633e-01
-2.167000000000000037e-01
-2.169799999999999507e-01
-2.147399999999999309e-01
-2.093999999999999195e-01
-2.109400000000000164e-01
-2.088400000000000256e-01
-2.228999999999999870e-01
-2.349599999999999467e-01
-2.202999999999999403e-01
-2.136400000000000521e-01
-2.199200000000000044e-01
-2.194800000000000084e-01
-2.156200000000000339e-01
-2.203600000000000003e-01
-2.140400000000000080e-01
-2.276999999999999025e-01
-2.173599999999999977e-01
-2.360600000000000476e-01
-2.205599999999999783e-01
-2.225000000000000311e-01
-2.326000000000000290e-01
-2.217799999999999772e-01
-2.188199999999999035e-01
-2.302400000000000002e-01
-2.251199999999999868e-01
-2.172399999999999887e-01
-2.204399999999999693e-01
-2.161800000000000388e-01
-2.159600000000000408e-01
-2.090199999999999836e-01
-2.170799999999999397e-01
-2.300200000000000022e-01
