1.949275527839660738e+00
1.601967789325714042e+00
1.458017308597564732e+00
1.360093046150207430e+00
1.286643433389663693e+00
1.233800453824996923e+00
1.187515095396041831e+00
1.155559131326675315e+00
1.122585616111755336e+00
1.095381111078262304e+00
1.067116682024002117e+00
1.045417444438934362e+00
1.022174122982025146e+00
1.003974455947876043e+00
9.834146497917175545e-01
9.688557911920547827e-01
9.551043989610672469e-01
9.409656394481659136e-01
9.282371158599853622e-01
9.178704308581352445e-01
9.008792579555511271e-01
8.925395695090293513e-01
8.808811173391342120e-01
8.727503497934341326e-01
8.659171911668777089e-01
8.549944024085998073e-01
8.498885230350494702e-01
8.444707052373886524e-01
8.337892851209640632e-01
8.250343785524367757e-01
8.209109558391570749e-01
8.149104856157303178e-01
8.085447671556472704e-01
8.009260258340835659e-01
7.985597742652893460e-01
7.918309701991080862e-01
7.867304815196990431e-01
7.815914759933948464e-01
7.771862243485451183e-01
7.730060497784614348e-01
7.641526234197616452e-01
7.640371518778801274e-01
7.555740193986892894e-01
7.578528231143951688e-01
7.489370744609832320e-01
7.469449247646331447e-01
7.414676681089401589e-01
7.370549552249908709e-01
7.342457509374618052e-01
7.310978623652457653e-01
7.303141560053825199e-01
7.240590410637856023e-01
7.205179824542998768e-01
7.192747671413421973e-01
7.178938240146637284e-01
7.154984933233261568e-01
7.063475528728961894e-01
7.070010646438598112e-01
7.053240743303298421e-01
7.002166335701942579e-01
6.993648070979118225e-01
6.992302344572544071e-01
6.973099151611328317e-01
6.937028754329681579e-01
6.885142359375954202e-01
6.905637047076225166e-01
6.859988955616951323e-01
6.815931020331382761e-01
6.817581755781173536e-01
6.802869900012016302e-01
6.770024639177322223e-01
6.790004184222221406e-01
6.762310224223136990e-01
6.767651160478591610e-01
6.737467212128639416e-01
6.717646505093574083e-01
6.744465903902053805e-01
6.665819473457336164e-01
6.611848175597191402e-01
6.661727554607391744e-01
6.643422185623645282e-01
6.630106198000907947e-01
6.568963142967224611e-01
6.561389957594871980e-01
6.571379977643490022e-01
6.582713687658310331e-01
6.593593074321746350e-01
6.552841277301311163e-01
6.568023434329033350e-01
6.513069341325760098e-01
6.483144373106956015e-01
6.456446591091156151e-01
6.508135511922836791e-01
6.464498752307892282e-01
6.456687195181846084e-01
6.429691529524326210e-01
6.417071665048599272e-01
6.444747121405601797e-01
6.455317486357688983e-01
6.424910754179954386e-01
