1.957523685798645108e+00
1.659548965492248618e+00
1.519824924716949521e+00
1.415831323661804309e+00
1.327613923759460413e+00
1.261342730302810633e+00
1.207191939964294525e+00
1.160617858667373659e+00
1.126227620134353735e+00
1.087813094511032030e+00
1.066849720716476435e+00
1.040312094583511371e+00
1.014541871213912927e+00
9.977488918590545763e-01
9.767833186793327682e-01
9.616588810157775669e-01
9.422562171745300086e-01
9.278986332225799272e-01
9.139401892089843438e-01
8.987756653690338604e-01
8.869698791527748094e-01
8.730996956968307687e-01
8.633309583997726966e-01
8.517232492208480776e-01
8.432198499488831045e-01
8.326881704521179595e-01
8.229815727424621974e-01
8.154527744007110668e-01
8.051597636890411858e-01
7.975227299594879193e-01
7.913628476953507018e-01
7.822713144183158773e-01
7.785874194574355922e-01
7.716280010318755656e-01
7.645243245363235740e-01
7.577366882467270193e-01
7.500289227199554709e-01
7.478315127944946683e-01
7.410216538572311773e-01
7.400508528757094862e-01
7.332098952507972722e-01
7.266343868255614735e-01
7.213505279302596662e-01
7.192782070565223451e-01
7.150628059172630113e-01
7.119005181694030293e-01
7.088269722282886098e-01
7.019473997688293609e-01
7.008231656408310251e-01
6.945791321110725836e-01
6.935489961719513152e-01
6.898563670659064728e-01
6.887807171654700689e-01
6.855873897075652756e-01
6.829461311674117630e-01
6.788035406184196319e-01
6.719940907502174321e-01
6.747642664563655579e-01
6.677601389193534853e-01
6.653360338139534536e-01
6.671148928928375410e-01
6.617822584891319693e-01
6.579039763349294745e-01
6.574596285271644414e-01
6.537036353099345831e-01
6.515370550394058435e-01
6.497204225969314129e-01
6.511860710954666676e-01
6.435226639127731296e-01
6.495273969101905687e-01
6.460816009926796388e-01
6.427301869082451269e-01
6.418494933152198989e-01
6.410366783261298718e-01
6.344070178282260608e-01
6.334654394471644911e-01
6.325314012789726714e-01
6.287029234242439424e-01
6.283724743866920814e-01
6.301888738405704293e-01
6.287336550915241240e-01
6.286547772192955241e-01
6.235331894218921756e-01
6.201182994949817617e-01
6.180157428932190333e-01
6.192933379387856041e-01
6.166472947120666959e-01
6.201257911634445730e-01
6.171302849936485257e-01
6.106053692150116285e-01
6.143878113067150482e-01
6.112888632512092357e-01
6.087401188516616823e-01
6.098281261265278141e-01
6.099711601066589717e-01
6.094224703973531998e-01
6.073437028670310989e-01
6.017414692783356056e-01
6.072545039272307932e-01
6.030790630459785806e-01
6.036148465096951021e-01
5.993755236780643481e-01
6.048254505276680071e-01
6.015738666415214597e-01
5.997171254491806547e-01
5.964872155845165613e-01
5.945120946383476435e-01
5.948461418294906933e-01
5.924423045599460647e-01
5.919211101222038307e-01
5.912414203214645392e-01
5.865415672063827301e-01
5.932417557317019030e-01
5.875255160701274848e-01
5.913115451860427862e-01
5.908219630759954377e-01
5.850807946336269438e-01
5.886907227122784025e-01
5.874141851353645860e-01
5.849377040135860240e-01
5.875379994249343429e-01
5.848566424089670646e-01
5.818579034531116134e-01
5.850293749606609861e-01
5.803500070476531603e-01
5.837185556197166392e-01
5.792356744456290674e-01
5.776428846418857344e-01
5.839406082797050646e-01
5.763772511661052755e-01
5.747960979342460197e-01
5.737318195521831088e-01
5.780890975737571491e-01
5.721827322804927674e-01
5.727225641179084503e-01
5.719287621104717223e-01
5.734916354119777848e-01
5.706646065187453987e-01
5.694578889763355356e-01
5.713934672176838037e-01
5.742131092870235154e-01
5.724077630817889784e-01
5.665160806894302681e-01
5.630438417506218318e-01
5.682021743756532350e-01
5.658171876728534944e-01
5.640206666564940852e-01
5.655576323997973942e-01
5.641721246123313493e-01
5.624171111392974876e-01
5.638386952280998177e-01
5.591764305639267407e-01
5.630135058343410659e-01
5.613787146663665739e-01
5.554914522629976759e-01
5.574567275583743875e-01
5.581623913908004830e-01
5.608578805756568864e-01
5.579841648262738873e-01
5.494268621540069342e-01
5.551904835593700627e-01
5.599409265023469473e-01
5.532271439027786064e-01
5.568131005406379286e-01
5.591793779885768645e-01
5.566058591371774167e-01
5.556636251711845054e-01
5.503163544285297748e-01
5.491609834361076414e-01
5.491771510875225193e-01
5.508744185495376700e-01
5.500892903101444187e-01
5.488522383534908400e-01
5.420683500635623542e-01
5.475853164076804891e-01
5.480168407791853324e-01
5.466353928637504023e-01
5.466422571355104010e-01
5.451793415880202831e-01
5.412900835239887742e-01
5.459693691349029043e-01
5.474521772336959913e-01
5.450972091507911843e-01
5.398194858247041816e-01
5.442624574071168730e-01
5.419335462594032649e-01
5.417747604465484867e-01
5.430962592649459797e-01
5.375631525775790287e-01
5.411623844373225634e-01
5.401001869869231919e-01
5.417318204140663118e-01
5.453428779184817943e-01
5.364570613372325880e-01
5.408804596376418639e-01
5.329924242949485302e-01
5.331977205449343060e-01
5.376555995070934069e-01
5.323860937738418286e-01
5.365786216032505385e-01
5.317694883805513806e-01
5.357281333851814376e-01
5.308003164595365142e-01
5.337661937367915721e-01
5.299249928027391920e-01
5.338958005642890914e-01
5.295881605011224513e-01
5.325210273316502985e-01
5.334566648757457230e-01
5.302221099108457292e-01
5.314807447159289877e-01
5.287983461213111580e-01
5.329346702903509092e-01
5.330651247692108630e-01
5.217077315545082250e-01
5.271799523246287755e-01
5.302298155152798120e-01
5.314404080626368154e-01
5.281181190383433810e-01
5.252160729086399193e-01
5.234448912167548595e-01
5.270215073502063641e-01
5.291177372741698859e-01
5.243502296102047211e-01
5.232267873367667521e-01
5.268645625412463618e-01
5.290715873444080675e-01
5.294351230800151686e-01
5.268500217926501694e-01
5.244396466672420765e-01
5.269795893794297914e-01
5.165347961902618801e-01
5.211290434706210561e-01
5.217563531816005185e-01
5.247728051459789045e-01
5.258088638699054407e-01
5.233525565099715893e-01
5.298304631471634218e-01
5.204139481341838458e-01
5.227431132233142375e-01
5.187551428472996218e-01
5.200142651402950289e-01
5.202666332203149668e-01
5.181825825840234989e-01
5.218952668917179460e-01
5.232989904493093869e-01
5.205589766725897682e-01
5.130104965412616291e-01
5.208705206489563366e-01
5.183854968935250884e-01
5.257904598298669407e-01
5.191607659804821084e-01
5.111563100486993250e-01
5.150397311186790672e-01
5.218006797897816185e-01
5.145932368838787019e-01
5.176393698665500143e-01
5.154520741824806240e-01
5.204365786314010256e-01
5.225425028705596997e-01
5.178149953615664991e-01
5.185027253037690631e-01
5.181547795331478135e-01
5.174891585290432028e-01
5.181221487796306979e-01
5.121270944839716455e-01
5.130794849348068176e-01
5.198092113375664125e-01
5.189852938115596670e-01
5.123488473689555844e-01
5.173440924155712217e-01
5.186780657476186551e-01
5.108029640930891180e-01
5.134214094102382830e-01
5.121714540714025210e-01
5.130558944001794019e-01
5.104589916169642860e-01
5.060169092151522996e-01
5.178174262046814080e-01
5.143094802463055171e-01
5.089244659209251065e-01
5.136317521095276062e-01
5.158328576856852088e-01
5.121881754726171909e-01
5.110201036119460527e-01
5.072187425112724135e-01
5.137238913345336666e-01
5.107284116238355320e-01
5.117311145365238678e-01
5.124169650644063712e-01
5.134316741943358853e-01
5.147780258321762448e-01
5.035466637408733126e-01
5.116171619161963280e-01
5.070687377524375483e-01
5.136517631280421714e-01
5.148757575714588697e-01
5.133157593458891332e-01
5.083096790432930501e-01
5.121129174554347463e-01
5.063762287271023066e-01
5.132225251433253366e-01
5.130116555857658911e-01
5.027187582421303036e-01
5.059144634318352152e-01
5.089254916858673150e-01
5.107714747148752732e-01
5.148638030308485547e-01
5.110034292876720619e-01
5.134636423015594975e-01
5.103283996224403651e-01
5.038972524034976974e-01
5.079354951423407094e-01
5.063935259479284134e-01
5.088972499191760646e-01
5.137651847249269377e-01
5.074677614927292080e-01
5.060210947000980397e-01
5.078765525984764162e-01
5.086162432420253676e-01
5.065451625591516072e-01
5.055861199888587176e-01
5.060279831543564866e-01
5.088145336055756029e-01
4.991806535625457619e-01
5.083293113148212861e-01
5.004879079711437306e-01
4.980721729004383147e-01
5.049386814606189322e-01
5.008060646837949603e-01
5.097432329618930558e-01
5.037278685879706952e-01
5.069274897831678173e-01
5.007306548386811773e-01
5.072488496582210349e-01
5.053329077374935085e-01
5.014288794368505497e-01
5.004109243744612190e-01
5.036834634041785774e-01
4.983961594349146096e-01
5.051479102152586220e-01
5.047197050991654166e-01
5.028413833844661562e-01
5.068757339197397238e-01
5.011854658266902129e-01
5.031458203020692244e-01
5.018532349133491000e-01
4.997793642795085867e-01
5.104926523882150624e-01
5.032296358311176832e-01
4.933193329495191848e-01
5.001812351632117792e-01
5.004725000977515714e-01
5.071535660827160008e-01
5.029249485301970912e-01
5.002109438681602294e-01
5.045170565623045000e-01
4.949857445552945379e-01
4.990108312404155644e-01
5.002526253521442090e-01
5.063025738090276562e-01
5.002537621815502655e-01
5.023808456084132290e-01
4.981693556952476731e-01
5.046506875365972533e-01
5.017898616403341228e-01
5.009188857656717841e-01
5.020884651929140574e-01
5.016716057747602209e-01
5.035693354874849481e-01
4.967188274461030728e-01
5.045698972034454721e-01
4.964661496067047097e-01
4.935804643148183901e-01
4.994151990956067766e-01
4.996045297607779601e-01
4.971442909976839797e-01
5.009724376741051532e-01
4.927094430440664419e-01
5.072577601629495447e-01
4.993377564829588056e-01
4.992629592204094191e-01
4.963115684303641140e-01
4.972970660960674416e-01
4.955612052997946937e-01
4.991011068207025780e-01
4.939632395601272763e-01
4.962982273101806396e-01
4.914300478291511731e-01
5.006407655155659109e-01
4.951342347341776140e-01
4.995793435889482326e-01
5.003507539787888092e-01
5.039570737373828546e-01
4.978463254988193532e-01
4.935588375955820006e-01
4.893114822083711735e-01
5.008742426967620620e-01
4.966714922064542903e-01
4.921853615820407923e-01
