-4.991016390770673661e-03
4.193505898937582854e-02
6.804814774081111017e-02
9.625458837687969615e-02
1.290919750998914262e-01
1.346318710361421034e-01
1.800898478613793818e-01
1.929233177606761440e-01
2.123081549924611955e-01
2.308328148059546892e-01
2.098145963537693115e-01
2.520520848099887523e-01
2.539019907373190055e-01
2.814239745481312283e-01
2.729965662959217831e-01
2.934072296363115506e-01
2.922974120616912974e-01
3.083341444993019098e-01
3.198587711217999452e-01
2.968944202466309301e-01
3.164022610557079562e-01
3.311565295596420877e-01
3.325687764683366021e-01
3.382574117986857920e-01
3.247714182880520606e-01
3.536394710326195012e-01
3.340083180424571196e-01
3.498206485632062157e-01
3.457139005820453193e-01
3.724145328322052695e-01
3.492895379276573786e-01
3.407234856742620277e-01
3.613768481364846297e-01
3.723739560636877832e-01
3.726427895522117506e-01
3.732450146515667311e-01
3.916925162068009558e-01
3.858473873837292012e-01
3.986620646117627897e-01
4.029245737758279100e-01
4.146572200715542000e-01
3.950375504805147542e-01
3.537562818174064261e-01
4.172005321586131910e-01
3.564182353815436577e-01
4.101756661923229852e-01
4.060269592522084969e-01
4.163818400056660263e-01
4.202476623813807821e-01
4.300621950285136719e-01
4.232174465011060427e-01
4.144073006753623556e-01
4.383963770221173673e-01
4.247694821514189090e-01
3.736039558985829179e-01
4.238863586056232369e-01
4.147090055847167944e-01
4.316999482168257241e-01
4.379832108245790279e-01
4.287142813786864459e-01
4.261895917768776521e-01
4.478024391691386441e-01
4.159242078487574990e-01
4.315596958155930030e-01
4.550457592238486004e-01
4.261054833626747307e-01
4.389936678966879779e-01
4.497376345586776569e-01
4.358637800252437855e-01
4.331623028115927920e-01
4.358804632723331518e-01
4.422464910751581213e-01
4.467474144427478477e-01
4.578749148306250349e-01
4.661052275463938854e-01
4.644961998039484063e-01
4.607917585687339446e-01
4.579211904026567748e-01
4.814250969630479715e-01
4.518828887405991757e-01
4.703214068198204312e-01
4.718291174754500328e-01
4.686701335576176630e-01
4.810701401521265685e-01
4.540321581566333919e-01
4.650964538066089116e-01
4.650867166551947429e-01
4.324496839018165950e-01
4.765435572248697405e-01
4.256432475265860549e-01
4.766789677922427804e-01
4.618398549127578634e-01
4.840215727403759938e-01
4.659301826320588757e-01
4.656225638592242921e-01
4.919726959306001679e-01
4.754284046997129809e-01
4.997346618852019362e-01
4.955607789422571408e-01
4.985918620148301339e-01
4.845523033423722037e-01
4.969255602841079478e-01
5.001162880577146863e-01
4.936317648294568095e-01
4.788795620961487365e-01
4.606233618256449502e-01
4.800208244694769144e-01
4.877129847970604892e-01
4.942857794529199600e-01
4.921634359939396353e-01
5.115107391950488580e-01
4.746055221979320060e-01
4.925682288081943971e-01
4.379671771652996481e-01
4.597681799964606908e-01
5.069303621333837162e-01
5.020015908536314964e-01
5.038778653796016638e-01
4.842681882710754837e-01
4.651169388996064802e-01
4.760354851749539207e-01
5.080320626309513532e-01
5.213214693169295755e-01
4.885177022652327783e-01
4.986875796130299521e-01
5.141193978384137608e-01
4.912426703137159345e-01
5.016059305070340590e-01
5.017712104958296226e-01
5.177320576766133442e-01
4.431203539915382628e-01
4.987189309608936472e-01
4.998780592969059855e-01
5.063168771550059510e-01
5.035150760157406369e-01
5.130507073321938227e-01
5.350601776871085624e-01
5.324013085931539324e-01
4.641810712210834300e-01
5.124404199841618990e-01
4.871222488382458415e-01
5.135238702803850419e-01
5.272987386326491999e-01
4.794690843427181215e-01
4.949556140524148939e-01
5.018374757677316333e-01
4.888704570481181011e-01
5.288921707271039274e-01
5.218799185921251249e-01
4.795099936619400816e-01
5.202960170109569571e-01
4.974265287734568330e-01
4.996172374460101095e-01
5.250905039776861960e-01
5.090623546138405286e-01
5.135067746670544109e-01
5.036151016290485449e-01
5.185015139342844526e-01
5.291025953912734670e-01
5.351060158377886067e-01
4.602738501667976156e-01
5.258521805658936676e-01
5.308594774639606717e-01
5.309523688255251006e-01
5.205918166455626439e-01
5.049871317990124453e-01
5.156978420373797833e-01
5.248624284501374193e-01
5.123189002032577655e-01
5.356329558464885121e-01
5.434333326645195417e-01
5.261548658350110319e-01
5.132200629019737503e-01
5.346809372913837732e-01
5.239715104866027318e-01
5.290020944903790490e-01
5.259327817036211217e-01
5.414088541170954949e-01
5.235716293688118528e-01
5.289474937748909200e-01
5.371381919769943059e-01
5.093502678388357463e-01
5.234205588121711994e-01
5.094361519522965231e-01
5.141186784210801664e-01
5.341494545264542371e-01
5.526383372652530213e-01
5.452293610346317099e-01
5.212722395697235722e-01
5.487694971632957053e-01
4.970225026813149261e-01
5.398482100374997206e-01
5.351474944834411218e-01
4.935831465145945618e-01
5.193976552449166562e-01
5.601506862470507775e-01
5.218182472489774071e-01
5.378443792572618065e-01
5.476384785205126171e-01
5.223008098182082559e-01
