-1.199999999999951106e-04
-8.400000000000074074e-04
-1.899999999999998912e-03
-3.360000000000001874e-03
-8.599999999999996536e-04
-1.780000000000003801e-03
5.999999999999061639e-05
-2.379999999999993232e-03
-2.939999999999998170e-03
-3.000000000000002665e-03
-9.200000000000041478e-04
-1.299999999999995604e-03
-4.159999999999997033e-03
5.599999999999910605e-04
-4.079999999999986415e-03
1.059999999999991505e-03
-3.699999999999994960e-03
-3.799999999999997824e-03
-1.519999999999993578e-03
-3.339999999999995750e-03
-9.799999999999947642e-04
-4.699999999999995848e-03
-2.299999999999996492e-03
-6.000000000000005329e-03
-3.659999999999996589e-03
-3.740000000000007208e-03
-3.299999999999983502e-03
-5.820000000000005724e-03
-3.599999999999992095e-03
-6.080000000000002069e-03
-3.519999999999995355e-03
-5.799999999999999600e-03
-5.479999999999984883e-03
-4.220000000000001528e-03
-5.239999999999994662e-03
-8.780000000000010019e-03
-6.540000000000018021e-03
-6.539999999999990266e-03
-5.940000000000000835e-03
-5.760000000000015108e-03
-8.859999999999979003e-03
-7.879999999999998117e-03
-7.379999999999997673e-03
-1.188000000000000167e-02
-1.068000000000002281e-02
-1.063999999999998280e-02
-1.302000000000000379e-02
-9.099999999999996980e-03
-8.239999999999997327e-03
-1.325999999999999401e-02
-6.379999999999996785e-03
-1.040000000000002034e-02
-1.300000000000001155e-02
-1.031999999999999584e-02
-1.293999999999997930e-02
-1.233999999999998987e-02
-1.343999999999997974e-02
-1.303999999999999604e-02
-1.370000000000001772e-02
-1.067999999999999505e-02
-1.295999999999999930e-02
-1.005999999999998562e-02
-1.341999999999998749e-02
-1.492000000000001658e-02
-1.005999999999998562e-02
-9.300000000000002709e-03
-2.124000000000000887e-02
-1.458000000000000962e-02
-1.533999999999999253e-02
-1.638000000000000567e-02
-1.353999999999999648e-02
-1.661999999999999589e-02
-4.059999999999980291e-03
-1.134000000000001673e-02
-1.052000000000000157e-02
-1.481999999999999984e-02
-1.658000000000001140e-02
-1.978000000000001979e-02
-1.536000000000001253e-02
-1.646000000000000241e-02
-1.924000000000000710e-02
-1.031999999999999584e-02
-1.574000000000000399e-02
-1.735999999999998655e-02
-1.592000000000001747e-02
-1.677999999999998937e-02
-1.613999999999998769e-02
-1.725999999999999757e-02
-1.702000000000000735e-02
-1.797999999999996823e-02
-1.883999999999999564e-02
-1.480000000000000759e-02
-1.664000000000001589e-02
-1.472000000000001085e-02
-1.848000000000002419e-02
-1.131999999999999673e-02
-9.840000000000015401e-03
-1.436000000000001164e-02
-9.939999999999976632e-03
-1.009999999999999787e-02
-1.799999999999998823e-02
-1.324000000000000177e-02
-2.087999999999998191e-02
-2.095999999999997865e-02
-1.446000000000002839e-02
-1.800000000000001599e-02
-1.185999999999998167e-02
-2.163999999999999257e-02
-1.334000000000001851e-02
-1.828000000000001846e-02
-1.533999999999996477e-02
-2.256000000000002448e-02
-1.641999999999999016e-02
-1.557999999999998275e-02
-1.807999999999998497e-02
-1.628000000000001668e-02
-9.180000000000021476e-03
-1.339999999999996749e-02
-1.103999999999999426e-02
-1.413999999999998591e-02
-2.219999999999999751e-02
-1.961999999999997080e-02
-1.834000000000002295e-02
-1.366000000000000547e-02
-1.324000000000002952e-02
-1.514000000000004231e-02
-1.708000000000003959e-02
-1.893999999999995687e-02
-1.802000000000003599e-02
-1.817999999999997396e-02
-2.315999999999995840e-02
-1.068000000000002281e-02
-1.386000000000003896e-02
-2.119999999999999662e-02
-1.568000000000002725e-02
-2.172000000000001707e-02
-1.466000000000000636e-02
-1.329999999999997851e-02
-1.785999999999998700e-02
-2.215999999999995751e-02
-1.560000000000005826e-03
-1.131999999999999673e-02
-1.819999999999999396e-02
-1.756000000000002004e-02
-1.851999999999998092e-02
-8.899999999999963496e-03
-1.475999999999999535e-02
-2.469999999999999973e-02
-1.573999999999997623e-02
-1.298000000000004706e-02
-1.894000000000001238e-02
-2.040000000000002922e-02
-1.834000000000002295e-02
-1.884000000000002339e-02
-2.376000000000000334e-02
-1.867999999999997440e-02
-1.647999999999999465e-02
-1.819999999999999396e-02
-1.607999999999998320e-02
-1.878000000000001890e-02
-1.538000000000000478e-02
-2.219999999999999751e-02
-1.171999999999995268e-02
-1.791999999999999149e-02
-1.144000000000000572e-02
-1.882000000000000339e-02
-2.284000000000002695e-02
-1.758000000000004004e-02
-2.238000000000001100e-02
-9.780000000000010907e-03
-2.080000000000004068e-02
-1.167999999999996819e-02
-1.749999999999996003e-02
-1.323999999999997401e-02
-1.790000000000002700e-02
-2.102000000000003865e-02
-1.940000000000002833e-02
-1.569999999999999174e-02
-1.250000000000001110e-02
-6.799999999999972733e-03
-1.103999999999999426e-02
-9.639999999999981917e-03
-1.555999999999996275e-02
-1.220000000000004414e-02
-1.517999999999997129e-02
-1.657999999999998364e-02
-1.861999999999996991e-02
-1.904000000000000137e-02
-1.362000000000002098e-02
-1.896000000000003238e-02
-1.932000000000000384e-02
-2.226000000000000201e-02
-1.825999999999999845e-02
-2.116000000000001213e-02
-1.584000000000002073e-02
-1.385999999999998344e-02
-1.913999999999999035e-02
-1.861999999999996991e-02
-1.328000000000001402e-02
-1.648000000000005016e-02
