1.010800000000000032e-01
1.021999999999999992e-01
1.033400000000000013e-01
1.027399999999999980e-01
1.039199999999999985e-01
1.045999999999999985e-01
1.051399999999999973e-01
1.057600000000000068e-01
1.048400000000000026e-01
1.066000000000000003e-01
1.065600000000000019e-01
1.075200000000000045e-01
1.066600000000000048e-01
1.088999999999999968e-01
1.071200000000000069e-01
1.116199999999999970e-01
1.103200000000000014e-01
1.116000000000000048e-01
1.130800000000000000e-01
1.136000000000000065e-01
1.146199999999999997e-01
1.160199999999999981e-01
1.179400000000000032e-01
1.177799999999999958e-01
1.207000000000000017e-01
1.217599999999999932e-01
1.242400000000000032e-01
1.238800000000000040e-01
1.263400000000000079e-01
1.282399999999999929e-01
1.312000000000000111e-01
1.340000000000000080e-01
1.352200000000000069e-01
1.370800000000000074e-01
1.400399999999999978e-01
1.403999999999999970e-01
1.431399999999999895e-01
1.462400000000000089e-01
1.487199999999999911e-01
1.479999999999999927e-01
1.503200000000000092e-01
1.552199999999999969e-01
1.569800000000000084e-01
1.574200000000000044e-01
1.611799999999999899e-01
1.630000000000000060e-01
1.646400000000000086e-01
1.687400000000000011e-01
1.706999999999999906e-01
1.726999999999999924e-01
1.764400000000000135e-01
1.764999999999999902e-01
1.768599999999999894e-01
1.813200000000000089e-01
1.813800000000000134e-01
1.846800000000000108e-01
1.865400000000000114e-01
1.875400000000000122e-01
1.894599999999999895e-01
1.923799999999999955e-01
1.945199999999999985e-01
1.948600000000000054e-01
1.964200000000000113e-01
1.996199999999999919e-01
2.011600000000000055e-01
1.998199999999999976e-01
2.010599999999999887e-01
2.053599999999999870e-01
2.065599999999999936e-01
2.085400000000000031e-01
2.112799999999999956e-01
2.119800000000000018e-01
2.151000000000000134e-01
2.154999999999999971e-01
2.168400000000000050e-01
2.172399999999999887e-01
2.196599999999999941e-01
2.185199999999999920e-01
2.215799999999999992e-01
2.225600000000000078e-01
2.227999999999999980e-01
2.266799999999999926e-01
2.260800000000000032e-01
2.272200000000000053e-01
2.279599999999999960e-01
2.300000000000000100e-01
2.308800000000000019e-01
2.317400000000000015e-01
2.341600000000000070e-01
2.337200000000000111e-01
2.362599999999999978e-01
2.358800000000000063e-01
2.373800000000000077e-01
2.401800000000000046e-01
2.405799999999999883e-01
2.407199999999999895e-01
2.402199999999999891e-01
2.416999999999999982e-01
2.459199999999999997e-01
2.456599999999999895e-01
2.433599999999999930e-01
2.441399999999999959e-01
2.467000000000000026e-01
2.474000000000000088e-01
2.476599999999999913e-01
2.498799999999999910e-01
2.522199999999999998e-01
2.505200000000000204e-01
2.512199999999999989e-01
2.533599999999999741e-01
2.531800000000000161e-01
2.527599999999999847e-01
2.543400000000000105e-01
2.552800000000000069e-01
2.556800000000000184e-01
2.571599999999999997e-01
2.560999999999999943e-01
2.567800000000000082e-01
2.577599999999999891e-01
2.603800000000000003e-01
2.584799999999999875e-01
2.591800000000000215e-01
2.603599999999999803e-01
2.622399999999999731e-01
2.641399999999999859e-01
2.605799999999999783e-01
2.641399999999999859e-01
2.648400000000000198e-01
2.645199999999999774e-01
2.651000000000000023e-01
2.631800000000000250e-01
2.664799999999999947e-01
2.676799999999999735e-01
2.700799999999999867e-01
2.680400000000000005e-01
2.690400000000000014e-01
2.695400000000000018e-01
2.711000000000000076e-01
2.703400000000000247e-01
2.684000000000000274e-01
2.728200000000000069e-01
2.725000000000000200e-01
2.738800000000000123e-01
2.739800000000000013e-01
2.729400000000000159e-01
2.732800000000000229e-01
2.741799999999999793e-01
2.759199999999999986e-01
2.782800000000000273e-01
2.786199999999999788e-01
2.761799999999999811e-01
2.786199999999999788e-01
2.770199999999999885e-01
2.782999999999999918e-01
2.785400000000000098e-01
2.800400000000000111e-01
2.783999999999999808e-01
2.784599999999999853e-01
2.801400000000000001e-01
2.802399999999999891e-01
2.813399999999999790e-01
2.828800000000000203e-01
2.829400000000000248e-01
2.836400000000000032e-01
2.815799999999999970e-01
2.845199999999999951e-01
2.833999999999999853e-01
2.860599999999999810e-01
2.854999999999999760e-01
2.860599999999999810e-01
2.833999999999999853e-01
2.884200000000000097e-01
2.861600000000000255e-01
2.866400000000000059e-01
2.852199999999999736e-01
2.857199999999999740e-01
2.867999999999999994e-01
2.883000000000000007e-01
2.883399999999999852e-01
2.873200000000000198e-01
2.899800000000000155e-01
2.892600000000000171e-01
2.897000000000000131e-01
2.923799999999999732e-01
2.882000000000000117e-01
2.909800000000000164e-01
2.916000000000000258e-01
2.909999999999999809e-01
2.896799999999999931e-01
2.911199999999999899e-01
2.909800000000000164e-01
2.908200000000000229e-01
2.922799999999999843e-01
2.924599999999999977e-01
2.929999999999999827e-01
2.918600000000000083e-01
2.941400000000000126e-01
2.939800000000000191e-01
2.974600000000000022e-01
2.933799999999999741e-01
