1.022399999999999975e-01
1.016600000000000004e-01
1.008799999999999975e-01
1.044000000000000067e-01
1.034400000000000042e-01
1.062199999999999950e-01
1.042199999999999932e-01
1.037000000000000005e-01
1.043199999999999961e-01
1.054599999999999982e-01
1.060999999999999999e-01
1.076600000000000057e-01
1.059599999999999986e-01
1.068199999999999983e-01
1.060600000000000015e-01
1.074200000000000016e-01
1.055999999999999994e-01
1.080200000000000049e-01
1.081400000000000000e-01
1.089999999999999997e-01
1.097199999999999981e-01
1.074399999999999938e-01
1.096199999999999952e-01
1.102999999999999953e-01
1.097199999999999981e-01
1.084399999999999947e-01
1.108600000000000002e-01
1.108200000000000018e-01
1.104399999999999965e-01
1.095600000000000046e-01
1.111199999999999966e-01
1.111999999999999933e-01
1.104399999999999965e-01
1.123200000000000032e-01
1.130199999999999955e-01
1.142999999999999988e-01
1.139600000000000057e-01
1.114600000000000035e-01
1.133200000000000041e-01
1.132399999999999934e-01
