-2.309614073485136143e-03
-2.768046576827764508e-03
-2.335671345144510296e-03
-2.892184668332338157e-03
-5.100220165103673715e-03
-3.265319056212901989e-03
-5.145257770121097404e-03
-4.419216517955064372e-03
-5.057933255881071240e-03
-4.414542274028062860e-03
-5.577068964391946639e-03
-6.024085678309202413e-03
-5.486187327802181241e-03
-9.159923620596527663e-03
-6.493363795652985597e-03
-8.342324973046780223e-03
-8.019503891244530308e-03
-8.100171168595552210e-03
-8.949379365742205980e-03
-9.028489643484353261e-03
-1.098538202628493270e-02
-9.240984968468547375e-03
-1.338625116452574725e-02
-1.072058649443089970e-02
-1.142846947960555505e-02
-1.214536190748214707e-02
-1.283906559936702323e-02
-1.285488236114382815e-02
-1.639856006830930565e-02
-1.628442398607730934e-02
-1.534155992090702018e-02
-1.560013161495327899e-02
-1.793141319155693025e-02
-1.720094666093587715e-02
-1.736126394174992982e-02
-1.755701397158205418e-02
-1.724548515871167018e-02
-1.657791027396917499e-02
-1.904287835493683953e-02
-2.091711595602333690e-02
-2.003449905753135543e-02
-1.841062446877360370e-02
-1.946959382206201600e-02
-1.865310614757239790e-02
-1.980547246724367189e-02
-2.085704334616661146e-02
-1.717469584643840919e-02
-1.837085232697427406e-02
-2.054876667127013279e-02
-1.754138074100017666e-02
-1.928783225037157545e-02
-1.997189421191811545e-02
-1.916120482683181594e-02
-1.825248790331185020e-02
-1.697945511743426464e-02
-1.616301316693425152e-02
-1.674402978539466999e-02
-1.918487424738705288e-02
-1.597180648282170434e-02
-1.548221657358109932e-02
-1.290337854743003887e-02
-1.632192460887134031e-02
-1.424364105597138337e-02
-1.248966959960758766e-02
-1.143210353992879340e-02
-1.601725163966417204e-02
-9.483181472644210477e-03
-9.572275214418769079e-03
-1.031241665489971565e-02
-8.683798640668392854e-03
-9.769478832781314237e-03
-7.445640990957617944e-03
-1.574994068332016481e-02
-1.098877064310014272e-02
-7.586009983420372374e-03
-6.241743917837739089e-03
-4.000602143928408926e-03
-2.544607241675257876e-03
-2.549111838489770843e-03
-3.313806215524673499e-03
-3.409780660271644493e-04
-2.814783395156264436e-03
-5.616243564337492031e-04
-1.757293604314327172e-05
-6.292519108206033433e-04
6.054129555076360634e-04
-1.036461683958768767e-03
2.102183629050850995e-03
5.027423012778162691e-03
5.791595670431852472e-03
4.670398078709840813e-03
5.256954845786094253e-03
4.634058731123804654e-03
4.548038575947284563e-03
7.228627720475196486e-03
3.493622304722666851e-03
4.195791768878698487e-03
3.121601750999688975e-03
4.971075929924845607e-03
2.840499299913644936e-03
9.337693124860525773e-03
6.909460474401712439e-03
1.235733645848929863e-02
1.393946250803768626e-02
7.268025692403316113e-03
1.426389122448861596e-02
8.364875305071472339e-03
1.744672897055745200e-02
7.922968922406434938e-03
1.558542730957269626e-02
1.471429665446281378e-02
1.775512800894677584e-02
1.564890604063868401e-02
1.645473701871931482e-02
1.525647931843996004e-02
1.699841537892818333e-02
1.008319442443549561e-02
1.103522822432219906e-02
1.309412343941628899e-02
1.428845567360520312e-02
2.175127267137169987e-02
2.019086169540882172e-02
2.350264295801520256e-02
1.650304908342659430e-02
2.004864833444356884e-02
1.571750935830175736e-02
2.177824538469314702e-02
2.332560295194387526e-02
1.966444474473595661e-02
2.034511577136814686e-02
2.422529466599225925e-02
1.833251091040670813e-02
1.907281938828528020e-02
2.807255144387483733e-02
2.205844752363860656e-02
2.927959049277007592e-02
2.101091137394309194e-02
2.125210879050195081e-02
2.610377467572689084e-02
2.769185855276882699e-02
1.088789925001561708e-02
2.391823819056153322e-02
3.177870308041572806e-02
2.796532432794570852e-02
2.710082519531250081e-02
2.134657120682299097e-02
2.607435760460793950e-02
3.361566224157810229e-02
2.827567088507115800e-02
2.875028946131467922e-02
2.982329318508505911e-02
3.427946448042988592e-02
3.297009724780917278e-02
3.147483804881572728e-02
3.432778475880622626e-02
3.346499550908803994e-02
3.045391397967934718e-02
3.410568077638745366e-02
2.846405938744545061e-02
3.323304950363933918e-02
3.271164683140814072e-02
3.987294655263423637e-02
3.079312944971025062e-02
3.674457200095057607e-02
2.970874257460236548e-02
3.570934423409402592e-02
4.250083905428647668e-02
3.790297849550842979e-02
3.918688619777560556e-02
3.045280877947807371e-02
4.082088277041912017e-02
3.021593288816511527e-02
3.730373364672064790e-02
3.330605709187686725e-02
3.878165437273681238e-02
4.101099347181617893e-02
3.880978169217706025e-02
3.520267881579697278e-02
3.392668510116636504e-02
3.071234704889357070e-02
3.454396035522222519e-02
3.426786390520632219e-02
3.916085988372564053e-02
3.717218379035592407e-02
3.838425280392170069e-02
4.267256892584263966e-02
4.235815706558525295e-02
4.236636763937771250e-02
3.547061661049723952e-02
4.372880335293709980e-02
4.573022174842655829e-02
4.931670725211501072e-02
4.467408510513603409e-02
4.448333040766418167e-02
4.095133525170385758e-02
4.346152357019483770e-02
4.573565641753375710e-02
4.397591520406305549e-02
4.390247201710939517e-02
4.090126634947955503e-02
