9.864000000000000545e-02
1.020800000000000041e-01
1.027399999999999980e-01
1.043800000000000006e-01
1.056200000000000055e-01
1.054999999999999966e-01
1.075799999999999951e-01
1.068400000000000044e-01
1.069800000000000056e-01
1.066200000000000064e-01
1.089200000000000029e-01
1.090799999999999964e-01
1.072800000000000004e-01
1.107999999999999957e-01
1.113399999999999945e-01
1.100399999999999989e-01
1.107199999999999990e-01
1.126000000000000056e-01
1.138399999999999967e-01
1.134600000000000053e-01
1.128200000000000036e-01
1.108999999999999986e-01
1.126999999999999946e-01
1.131000000000000061e-01
1.132999999999999979e-01
1.138399999999999967e-01
1.118600000000000011e-01
1.156400000000000067e-01
1.149400000000000005e-01
1.141400000000000053e-01
1.155800000000000022e-01
1.150400000000000034e-01
1.150599999999999956e-01
1.156999999999999973e-01
1.163399999999999990e-01
1.156800000000000050e-01
1.172399999999999970e-01
1.161800000000000055e-01
1.167600000000000027e-01
1.197199999999999931e-01
1.168199999999999933e-01
1.186200000000000032e-01
1.197799999999999976e-01
1.177600000000000036e-01
1.193199999999999955e-01
1.192600000000000049e-01
1.195200000000000012e-01
1.175599999999999978e-01
1.188000000000000028e-01
1.234999999999999987e-01
1.206799999999999956e-01
1.235399999999999970e-01
1.212799999999999989e-01
1.230399999999999966e-01
1.237599999999999950e-01
1.242000000000000048e-01
1.251800000000000135e-01
1.225600000000000023e-01
1.245799999999999963e-01
1.252800000000000025e-01
1.259200000000000041e-01
1.253599999999999992e-01
1.256200000000000094e-01
1.270399999999999863e-01
1.259800000000000086e-01
1.277999999999999969e-01
1.270600000000000063e-01
1.270399999999999863e-01
1.278199999999999892e-01
1.280999999999999917e-01
1.295399999999999885e-01
1.295399999999999885e-01
1.306200000000000139e-01
1.298199999999999910e-01
1.296799999999999897e-01
1.310399999999999898e-01
1.305600000000000094e-01
1.310800000000000021e-01
1.318199999999999927e-01
1.322000000000000119e-01
1.335199999999999998e-01
1.318799999999999972e-01
1.339799999999999880e-01
1.333399999999999863e-01
1.330600000000000116e-01
1.349200000000000121e-01
1.333600000000000063e-01
1.345600000000000129e-01
1.353999999999999926e-01
1.350999999999999979e-01
1.342200000000000060e-01
1.370800000000000074e-01
1.370599999999999874e-01
1.364599999999999980e-01
1.373399999999999899e-01
1.376199999999999923e-01
1.384199999999999875e-01
1.377800000000000136e-01
1.380599999999999883e-01
1.378000000000000058e-01
1.396799999999999986e-01
1.390200000000000047e-01
1.391199999999999937e-01
1.408600000000000130e-01
1.400800000000000101e-01
1.407400000000000040e-01
1.414799999999999947e-01
1.424199999999999910e-01
1.430200000000000082e-01
1.434799999999999964e-01
1.419400000000000106e-01
1.416600000000000081e-01
1.432400000000000062e-01
1.431399999999999895e-01
1.453599999999999892e-01
1.449400000000000133e-01
1.464999999999999913e-01
1.474600000000000077e-01
1.472199999999999898e-01
1.447599999999999998e-01
1.464600000000000068e-01
1.482400000000000106e-01
1.491200000000000025e-01
1.474399999999999877e-01
1.480400000000000049e-01
1.483399999999999996e-01
1.491200000000000025e-01
1.493400000000000005e-01
1.504399999999999904e-01
1.503400000000000014e-01
1.511599999999999888e-01
1.501000000000000112e-01
1.508799999999999863e-01
1.509999999999999953e-01
1.516399999999999970e-01
1.521000000000000130e-01
1.525600000000000012e-01
1.522000000000000020e-01
1.550400000000000111e-01
1.531200000000000061e-01
1.537399999999999878e-01
1.548599999999999977e-01
1.542999999999999927e-01
1.566599999999999937e-01
1.563599999999999990e-01
1.553599999999999981e-01
1.548400000000000054e-01
1.576200000000000101e-01
1.582399999999999918e-01
1.575799999999999979e-01
1.565600000000000047e-01
1.572199999999999986e-01
1.569200000000000039e-01
1.594200000000000061e-01
1.583199999999999885e-01
1.592200000000000004e-01
1.591400000000000037e-01
1.605999999999999928e-01
1.608600000000000030e-01
1.615999999999999936e-01
1.594599999999999906e-01
1.621199999999999863e-01
1.610600000000000087e-01
1.630199999999999982e-01
1.628000000000000003e-01
1.637399999999999967e-01
1.636400000000000077e-01
1.636799999999999922e-01
1.640000000000000069e-01
1.635000000000000064e-01
1.651600000000000013e-01
1.655999999999999972e-01
1.651400000000000090e-01
1.653600000000000070e-01
1.663399999999999879e-01
1.673800000000000010e-01
1.665600000000000136e-01
1.661199999999999899e-01
1.680399999999999949e-01
1.677599999999999925e-01
1.686799999999999966e-01
1.694799999999999918e-01
1.688000000000000056e-01
1.700599999999999890e-01
1.694799999999999918e-01
1.711199999999999943e-01
1.711399999999999866e-01
1.732200000000000129e-01
1.716600000000000070e-01
1.712200000000000111e-01
1.698399999999999910e-01
1.735800000000000121e-01
1.737200000000000133e-01
1.738200000000000023e-01
1.723000000000000087e-01
1.747799999999999909e-01
1.765599999999999947e-01
1.756800000000000028e-01
1.742200000000000137e-01
1.748200000000000032e-01
