9.965999999999999859e-02
1.028600000095367395e-01
1.036800000047683745e-01
1.028600000011920951e-01
1.030400000047683728e-01
1.030400000000000066e-01
1.031200000011920914e-01
1.040200000095367477e-01
1.022800000095367423e-01
1.030400000143051192e-01
1.042600000071525618e-01
1.034200000047683782e-01
1.036000000095367440e-01
1.034200000071525544e-01
1.032800000071525531e-01
1.034000000023841820e-01
1.044399999976158150e-01
1.050200000143051149e-01
1.045599999976158101e-01
1.039400000000000046e-01
1.041000000071525544e-01
1.040800000047683721e-01
1.035800000143051181e-01
1.044200000095367453e-01
1.041000000095367445e-01
1.037400000071525552e-01
1.034800000047683688e-01
1.037200000000000066e-01
1.036200000011920919e-01
1.036000000095367440e-01
1.047000000047683677e-01
1.043600000095367408e-01
1.036800000071525507e-01
1.043200000047683762e-01
1.042399999999999993e-01
1.035000000071525511e-01
1.043600000047683746e-01
1.048800000095367474e-01
1.043800000143051132e-01
1.051000000143051116e-01
1.038800000000000001e-01
1.037799999999999973e-01
1.038200000095367420e-01
1.035399999999999932e-01
1.037199999952316265e-01
1.047800000023841882e-01
1.042600000047683717e-01
1.030800000002980166e-01
1.042400000023841894e-01
1.041399999999999965e-01
1.032800000071525531e-01
1.037000000071525568e-01
1.044200000047683652e-01
1.043600000011920964e-01
1.038599999952316277e-01
1.045999999999999985e-01
1.052600000000000063e-01
1.038599999999999940e-01
1.038600000095367404e-01
1.049000000047683734e-01
1.039400000143051173e-01
1.052000000023841919e-01
1.046600000047683693e-01
1.043599999976158182e-01
1.041400000095367429e-01
1.046399999999999969e-01
1.043000000071525601e-01
1.055600000000000011e-01
1.049799999904632575e-01
1.038800000000000001e-01
1.047800000071525545e-01
1.047000000023841915e-01
1.037200000047683729e-01
1.038800000000000001e-01
1.046200000000000047e-01
1.038199999976158194e-01
1.044599999999999973e-01
1.043599999999999944e-01
1.043599999809265155e-01
1.044000000095367392e-01
1.053199999976158208e-01
1.050200000011920903e-01
1.045799999952316262e-01
1.048200000071525528e-01
1.046800000095367417e-01
1.047399999999999998e-01
1.033200000095367416e-01
1.044999999999999957e-01
1.037800000047683774e-01
1.044400000047683713e-01
1.051200000023841813e-01
1.042400000143051120e-01
1.037000000000000005e-01
1.038400000047683680e-01
1.054200000047683661e-01
1.056600000000000039e-01
1.044400000095367376e-01
1.055399999999999949e-01
1.043200000143051087e-01
1.041200000047683705e-01
1.044000000000000067e-01
1.056000000023841895e-01
1.035999999952316314e-01
1.056600000000000039e-01
1.048199999999999965e-01
1.040200000000000014e-01
1.050200000071525586e-01
1.044399999904632587e-01
1.047199999904632611e-01
1.052400000071525565e-01
1.055000000023841866e-01
1.046200000023841808e-01
1.049200000071525557e-01
1.054600000143051108e-01
1.056200000095367381e-01
1.046400000095367433e-01
1.051200000047683714e-01
1.057600000000000068e-01
1.045000000011920976e-01
1.047199999952316274e-01
1.045399999999999940e-01
1.054800000000000043e-01
1.049600000143051104e-01
1.047399999952316335e-01
1.049800000000000039e-01
1.037800000071525536e-01
1.047800000047683783e-01
1.029400000047683700e-01
1.047800000023841882e-01
1.038000000023841796e-01
1.043800000095367470e-01
1.045600000095367466e-01
1.046600000071525594e-01
1.037200000023841828e-01
1.042400000047683656e-01
1.062399999952316348e-01
1.039999999999999952e-01
1.044599999999999973e-01
1.041599999904632562e-01
1.052000000000000018e-01
1.040800000095367384e-01
1.053600000047683755e-01
1.046400000143051096e-01
1.053400000000000031e-01
1.045999999999999985e-01
1.043000000023841800e-01
1.046800000047683754e-01
1.051400000095367437e-01
1.048000000071525606e-01
1.055200000071525590e-01
1.048400000047683689e-01
1.040400000071525638e-01
1.049200000071525557e-01
1.030600000071525552e-01
1.040800000023841820e-01
1.053000000095367372e-01
1.057400000000000007e-01
1.051000000095367454e-01
1.057799999952316328e-01
1.044000000023841829e-01
1.050200000047683685e-01
1.051000000023841890e-01
1.051599999952316233e-01
1.045800000000000063e-01
1.050199999976158122e-01
1.051200000071525614e-01
1.052800000071525549e-01
1.046600000023841792e-01
1.053200000047683771e-01
1.045999999999999985e-01
1.053000000000000047e-01
1.042200000190734860e-01
1.050399999976158183e-01
1.054200000047683661e-01
1.040000000095367416e-01
1.046400000047683770e-01
1.052200000023841842e-01
1.062200000023841850e-01
1.055799999999999933e-01
1.050799999904632603e-01
1.059000000095367405e-01
1.053400000095367495e-01
1.050399999999999945e-01
1.050400000011920965e-01
1.047999999952316241e-01
1.042800000095367441e-01
1.047600000047683722e-01
1.050800000143051194e-01
1.045399999999999940e-01
1.057800000047683653e-01
1.056800000143051088e-01
1.055800000023841834e-01
1.043400000023841923e-01
1.036799999976158182e-01
1.043200000047683762e-01
1.037400000011920870e-01
1.044600000095367437e-01
1.044400000095367376e-01
1.050599999952316344e-01
1.048200000095367429e-01
1.053400000023841793e-01
1.051600000071525598e-01
1.048400000095367490e-01
1.048800000095367474e-01
1.038600000047683741e-01
1.052400000071525565e-01
1.039200000047683647e-01
1.059799999976158147e-01
1.042199999999999932e-01
1.053000000000000047e-01
1.048800000011920891e-01
1.042400000011920874e-01
1.043599999999999944e-01
1.044800000000000034e-01
1.044800000000000034e-01
1.045800000000000063e-01
1.055800000047683734e-01
1.049200000071525557e-01
1.047599999976158158e-01
1.042200000047683733e-01
1.043599999952316282e-01
1.045800000095367388e-01
1.062400000023841912e-01
1.051400000047683775e-01
1.044200000143051116e-01
1.047600000047683722e-01
1.042200000095367396e-01
1.053599999952316291e-01
1.047600000095367384e-01
1.052400000047683665e-01
1.056400000143051104e-01
1.058800000047683681e-01
1.054200000023841899e-01
1.054000000047683738e-01
1.048200000047683766e-01
1.057800000023841891e-01
1.047400000143051124e-01
1.048800000047683673e-01
1.050800000143051194e-01
1.048400000000000026e-01
1.052000000071525582e-01
1.050200000000000022e-01
1.044600000047683774e-01
1.056600000095367364e-01
1.048400000011920907e-01
1.050600000071525569e-01
1.042000000095367473e-01
1.060400000023841854e-01
1.034400000000000042e-01
1.056400000047683779e-01
1.042800000071525540e-01
1.049200000071525557e-01
1.049399999976158154e-01
1.043600000143051210e-01
1.048000000000000043e-01
1.045400000047683742e-01
1.046200000095367372e-01
1.045600000095367466e-01
1.054800000071525606e-01
1.042199999904632607e-01
1.053800000095367478e-01
1.050200000000000022e-01
1.050200000047683685e-01
1.045999999999999985e-01
1.052000000095367482e-01
1.054399999976158159e-01
1.060000000023841871e-01
1.045200000023841919e-01
1.057400000047683669e-01
1.061800000071525529e-01
1.057200000071525509e-01
1.051799999999999957e-01
1.050199999904632558e-01
1.046400000071525532e-01
1.041799999999999948e-01
1.044400000047683713e-01
1.048800000011920891e-01
1.049400000143051181e-01
1.055200000000000027e-01
1.047399999999999998e-01
1.049400000095367380e-01
1.061000000071525562e-01
1.054000000143051202e-01
1.059400000095367389e-01
1.053400000047683693e-01
1.053800000023841915e-01
1.041200000071525605e-01
1.043800000005960515e-01
1.054599999999999982e-01
1.057600000000000068e-01
1.054400000023841821e-01
1.054800000000000043e-01
1.040800000047683721e-01
1.040800000143051185e-01
1.056600000071525602e-01
1.055400000023841850e-01
1.050200000000000022e-01
1.053999999999999937e-01
1.058400000000000035e-01
1.053800000023841915e-01
1.046800000190734881e-01
1.045400000047683742e-01
1.051000000023841890e-01
1.048800000000000010e-01
1.046399999952316306e-01
1.062200000095367414e-01
1.042600000011920935e-01
1.056000000047683657e-01
1.052199999976158179e-01
1.052199999904632616e-01
1.058200000047683775e-01
1.057600000023841830e-01
1.051600000023841797e-01
1.050200000047683685e-01
1.057800000143051117e-01
1.049600000071525541e-01
1.047399999999999998e-01
1.052000000047683681e-01
1.058200000143051100e-01
1.058000000047683714e-01
1.053400000023841793e-01
1.048200000023841866e-01
1.048199999999999965e-01
1.059200000011920884e-01
1.059800000000000048e-01
1.048400000047683689e-01
1.046600000023841792e-01
1.046600000047683693e-01
1.057800000011920871e-01
1.054000000047683738e-01
1.052199999976158179e-01
1.049800000071525602e-01
1.059200000047683665e-01
1.044200000023841890e-01
1.052000000143051145e-01
1.053600000047683755e-01
1.048000000095367368e-01
1.051200000000000051e-01
1.043199999904632636e-01
1.053000000071525610e-01
1.050999999976158089e-01
1.039400000095367371e-01
1.037200000095367391e-01
1.047600000095367384e-01
1.046200000000000047e-01
1.049999999999999961e-01
1.050200000286102275e-01
1.053600000011920973e-01
1.049200000095367458e-01
1.058800000047683681e-01
1.057400000000000007e-01
1.045800000047683725e-01
1.058000000071525615e-01
1.057600000071525631e-01
1.054800000047683706e-01
1.054000000023841838e-01
1.059000000011920961e-01
1.051600000000000035e-01
1.045800000000000063e-01
1.052000000000000018e-01
1.030200000095367469e-01
1.053200000143051096e-01
1.042400000011920874e-01
1.043400000071525585e-01
1.054400000000000059e-01
1.052600000286102316e-01
1.053800000071525578e-01
1.045400000011920960e-01
1.054600000071525545e-01
1.059800000023841809e-01
1.058000000047683714e-01
1.054000000023841838e-01
1.053400000011920912e-01
1.045400000095367404e-01
1.042600000011920935e-01
1.045600000095367466e-01
1.057200000023841846e-01
1.058800000095367483e-01
1.038000000000000034e-01
1.054800000047683706e-01
1.053600000011920973e-01
1.049999999976158199e-01
1.054200000047683661e-01
1.059400000047683726e-01
1.051999999976158118e-01
1.053600000071525516e-01
1.044000000095367392e-01
1.050199999976158122e-01
1.045800000023841825e-01
1.056400000095367442e-01
1.043600000071525508e-01
1.049999999999999961e-01
1.051599999904632571e-01
1.046200000000000047e-01
1.050600000023841907e-01
1.044199999999999989e-01
1.063600000047683763e-01
1.047399999999999998e-01
1.054600000071525545e-01
1.044400000095367376e-01
1.051000000023841890e-01
1.044600000023841874e-01
1.041000000095367445e-01
1.052800000005960496e-01
1.053400000023841793e-01
1.053200000190734897e-01
1.062000000095367491e-01
1.052600000143051190e-01
1.051600000023841797e-01
1.041600000071525589e-01
1.046200000000000047e-01
1.045999999904632521e-01
1.052600000000000063e-01
1.053400000047683693e-01
1.038600000023841841e-01
1.053400000095367495e-01
1.050400000047683746e-01
1.047600000000000059e-01
1.054800000095367368e-01
1.051200000000000051e-01
1.047800000143051108e-01
1.051200000095367376e-01
1.049800000011920920e-01
1.053199999999999970e-01
1.053600000047683755e-01
1.051399999999999973e-01
1.052400000023841903e-01
1.045800000023841825e-01
1.049999999999999961e-01
1.053200000023841870e-01
1.054600000047683783e-01
1.048200000047683766e-01
1.064400000000000068e-01
1.050800000047683730e-01
1.039599999999999969e-01
1.043400000000000022e-01
1.050000000095367425e-01
1.054000000023841838e-01
1.049000000011920952e-01
1.050400000095367409e-01
1.050000000071525524e-01
1.064800000047683715e-01
1.045800000047683725e-01
1.054399999976158159e-01
1.053600000047683755e-01
1.054400000000000059e-01
1.049200000071525557e-01
1.053800000005960524e-01
1.060000000047683771e-01
1.062599999976158172e-01
1.053400000071525594e-01
1.054200000095367462e-01
1.053000000023841809e-01
1.043399999952316221e-01
1.052000000047683681e-01
1.045800000011920944e-01
1.052199999952316278e-01
1.056200000011920936e-01
1.051400000047683775e-01
1.051799999976158195e-01
1.054600000047683783e-01
1.047000000000000014e-01
1.052400000000000002e-01
1.054400000047683722e-01
1.061600000071525607e-01
1.056400000071525541e-01
1.052800000095367450e-01
1.057000000071525586e-01
1.061400000011920863e-01
1.057800000095367454e-01
1.052000000047683681e-01
1.052200000047683742e-01
1.044200000023841890e-01
1.056400000023841879e-01
1.049400000071525618e-01
1.059600000071525550e-01
1.050800000143051194e-01
1.054400000047683722e-01
1.040600000023841898e-01
1.048800000000000010e-01
1.063600000047683763e-01
1.058200000143051100e-01
1.044200000023841890e-01
1.054200000143051125e-01
1.058999999999999941e-01
1.052600000047683726e-01
1.060999999999999999e-01
1.058399999952316234e-01
1.052600000023841825e-01
1.054600000047683783e-01
1.048000000000000043e-01
1.051400000047683775e-01
1.053400000000000031e-01
1.065200000000000036e-01
1.047400000071525561e-01
1.047600000071525622e-01
1.049999999904632636e-01
1.042200000143051197e-01
1.051200000000000051e-01
1.059200000011920884e-01
