1.026399999999999951e-01
1.071200000023841831e-01
1.061600000095367369e-01
1.078400000095367378e-01
1.085799999999999960e-01
1.075200000047683707e-01
1.083599999999999980e-01
1.078600000023841876e-01
1.086799999952316326e-01
1.088400000143051188e-01
1.087400000047683696e-01
1.075800000023841851e-01
1.077200000143051090e-01
1.079600000095367468e-01
1.082800000047683675e-01
1.083800000095367366e-01
1.081000000000000016e-01
1.087800000071525580e-01
1.092199999999999976e-01
1.082200000071525531e-01
1.093800000095367375e-01
1.083400000095367383e-01
1.090600000000000042e-01
1.082200000047683769e-01
1.089999999999999997e-01
1.095000000095367465e-01
1.097400000095367367e-01
1.092200000047683778e-01
1.080400000095367435e-01
1.102200000071525549e-01
1.099800000071525508e-01
1.104399999952316302e-01
1.083800000047683704e-01
1.089600000071525576e-01
1.090600000011920923e-01
1.086600000095367391e-01
1.091600000023841832e-01
1.087600000143051082e-01
1.100400000071525553e-01
1.095000000047683664e-01
1.096600000047683737e-01
1.079000000047683760e-01
1.097999999999999948e-01
1.095600000000000046e-01
1.095600000238418636e-01
1.094200000000000034e-01
1.090200000023841820e-01
1.100400000047683652e-01
1.088400000095367387e-01
1.098800000000000054e-01
1.100200000143051193e-01
1.099200000095367363e-01
1.088400000047683724e-01
1.097600000071525528e-01
1.095600000095367371e-01
1.095400000095367449e-01
1.100200000071525630e-01
1.093000000047683745e-01
1.095199999904632598e-01
1.101600000047683742e-01
1.095000000000000001e-01
1.098000000286102340e-01
1.095600000023841808e-01
1.101800000095367466e-01
1.084400000047683749e-01
1.094200000047683696e-01
1.101600000095367404e-01
1.096000000000000030e-01
1.096599999999999936e-01
1.107400000000000051e-01
1.100000000023841906e-01
1.098599999904632529e-01
1.110599999976158159e-01
1.105400000143051120e-01
1.103000000047683754e-01
1.100799999952316310e-01
1.098200000047683672e-01
1.091600000023841832e-01
1.103000000143051079e-01
1.100200000095367392e-01
1.096400000047683676e-01
1.100800000023841874e-01
1.095800000047683770e-01
1.087200000095367436e-01
1.099800000095367408e-01
1.084600000023841909e-01
1.111599999999999949e-01
1.093599999999999989e-01
1.110000000023841915e-01
1.099000000071525540e-01
1.106799999952316343e-01
1.098800000000000054e-01
1.092600000023841861e-01
1.097800000095367490e-01
1.098599999999999993e-01
1.097400000000000042e-01
1.104799999999999949e-01
1.096000000000000030e-01
1.093200000000000005e-01
1.092200000071525540e-01
1.094199999976158133e-01
1.093800000000000050e-01
1.103000000095367417e-01
1.099800000047683746e-01
1.108000000071525520e-01
1.098800000095367380e-01
1.106400000143051149e-01
1.088400000000000062e-01
1.108399999999999941e-01
1.109200000143051174e-01
1.107400000000000051e-01
1.092200000143051103e-01
1.102199999976158085e-01
1.099400000047683762e-01
1.103600000095367462e-01
1.099200000023841800e-01
1.091400000023841910e-01
1.111800000023841911e-01
1.097200000047683782e-01
1.105200000047683734e-01
1.097200000047683782e-01
1.098999999999999977e-01
1.112599999999999978e-01
1.096999999904632594e-01
1.102199999999999985e-01
1.105400000023841894e-01
1.116400000095367495e-01
1.109800000047683755e-01
1.095400000047683647e-01
1.114600000023841797e-01
1.108199999952316217e-01
1.107000000095367392e-01
1.090999999952316224e-01
1.108000000047683758e-01
1.098000000023841849e-01
1.113600000047683669e-01
1.104600000011920907e-01
1.113200000023841924e-01
1.100400000071525553e-01
1.109200000095367372e-01
1.112399999976158155e-01
1.104600000000000026e-01
1.107400000071525614e-01
1.110600000000000059e-01
1.103200000000000014e-01
1.106000000000000039e-01
1.108200000047683681e-01
1.099399999976158199e-01
1.109200000071525610e-01
1.109600000071525594e-01
1.106400000000000022e-01
1.114600000047683698e-01
1.102400000071525610e-01
1.106000000047683701e-01
1.112800000143051166e-01
1.105800000095367441e-01
1.102999999999999953e-01
1.110600000000000059e-01
1.098200000047683672e-01
1.107800000023841797e-01
1.092000000047683717e-01
1.099399999952316298e-01
1.105600000000000055e-01
1.096600000047683737e-01
1.108000000095367421e-01
1.108999999952316323e-01
1.098599999999999993e-01
1.113000000190734889e-01
1.102200000071525549e-01
1.105200000071525634e-01
1.098600000143051120e-01
1.098600000143051120e-01
1.110000000047683677e-01
1.103800000071525622e-01
1.106599999999999945e-01
1.106400000000000022e-01
1.098600000047683656e-01
1.098399999952316269e-01
1.114000000047683653e-01
1.106200000071525524e-01
1.107600000047683775e-01
1.104599999976158126e-01
1.109200000143051174e-01
1.105200000095367396e-01
1.100799999999999973e-01
1.121200000047683776e-01
1.102800000011920911e-01
1.100600000047683713e-01
1.102000000190734852e-01
1.097400000095367367e-01
1.110199999999999937e-01
1.095799999999999969e-01
1.112400000011920936e-01
1.096000000011920911e-01
1.101800000023841902e-01
1.109400000047683771e-01
1.099399999999999961e-01
1.108400000095367405e-01
1.114599999904632571e-01
1.103800000095367384e-01
1.100000000047683668e-01
1.106600000143051210e-01
1.113000000095367426e-01
1.107599999999999973e-01
1.110799999904632518e-01
1.118200000011920908e-01
1.105400000023841894e-01
1.100000000000000006e-01
1.113000000047683763e-01
1.111800000000000010e-01
1.100800000023841874e-01
1.101000000000000034e-01
1.110000000047683677e-01
1.106600000023841845e-01
1.107000000047683730e-01
1.107200000071525553e-01
1.111800000095367474e-01
1.113599999952316344e-01
1.105800000190734905e-01
1.104399999999999965e-01
1.103999999952316319e-01
1.108600000047683665e-01
1.110800000047683783e-01
1.107999999999999957e-01
1.099800000095367408e-01
1.096800000095367461e-01
1.098399999999999932e-01
1.109400000095367433e-01
1.111999999976158171e-01
1.109200000071525610e-01
1.106599999999999945e-01
1.104399999999999965e-01
1.107600000047683775e-01
1.104200000047683705e-01
1.112999999999999962e-01
1.112200000190734922e-01
1.094600000000000017e-01
1.102400000023841808e-01
1.103199999976158113e-01
1.110000000071525578e-01
1.119200000095367381e-01
1.097400000000000042e-01
1.104400000023841866e-01
1.099600000071525585e-01
1.108000000011920977e-01
1.106199999976158199e-01
1.103599999999999998e-01
1.106599999999999945e-01
1.101199999976158195e-01
1.106200000095367425e-01
1.110400000095367462e-01
1.098200000011920890e-01
1.098400000023841833e-01
1.112800000011920920e-01
1.098800000000000054e-01
1.111600000143051215e-01
1.114399999999999974e-01
1.106000000000000039e-01
1.100800000047683774e-01
1.107800000095367499e-01
1.109800000047683755e-01
1.107000000000000067e-01
1.108000000023841858e-01
1.107400000047683714e-01
1.103600000047683660e-01
1.109400000071525533e-01
1.104200000095367368e-01
1.094399999904632631e-01
1.097000000071525622e-01
1.102200000023841886e-01
1.102600000023841870e-01
1.097800000095367490e-01
1.106800000047683669e-01
1.112400000095367381e-01
1.110800000071525545e-01
1.102999999999999953e-01
1.108200000000000018e-01
1.103200000023841915e-01
1.102200000047683648e-01
1.099400000047683762e-01
1.111599999999999949e-01
1.109400000047683771e-01
1.101800000143051128e-01
1.116800000047683677e-01
1.111400000000000027e-01
1.098200000000000010e-01
1.102399999976158146e-01
1.101599999999999940e-01
1.107600000095367437e-01
1.105399999999999994e-01
1.108600000095367466e-01
1.111000000095367368e-01
1.106200000095367425e-01
1.110200000095367401e-01
1.101200000071525520e-01
1.108600000011920883e-01
1.111199999999999966e-01
1.097200000047683782e-01
1.110799999904632518e-01
1.107600000095367437e-01
1.104600000095367490e-01
1.111199999904632502e-01
1.110000000000000014e-01
1.104600000023841927e-01
1.106199999999999961e-01
1.112800000071525602e-01
1.118200000071525591e-01
1.109800000047683755e-01
1.107400000071525614e-01
1.102800000000000030e-01
1.103800000023841821e-01
1.107199999999999990e-01
1.106199999999999961e-01
1.104800000047683750e-01
1.100599999952316249e-01
1.118599999976158110e-01
1.089200000047683692e-01
1.115800000095367450e-01
1.105600000095367380e-01
1.104199999952316241e-01
1.104800000190734877e-01
1.115400000095367467e-01
1.096200000143051079e-01
1.106400000011920903e-01
1.111400000047683689e-01
1.111000000000000043e-01
1.102400000047683709e-01
1.114000000023841891e-01
1.105800000071525541e-01
1.105200000095367396e-01
1.100000000000000006e-01
1.112999999952316299e-01
1.113800000023841830e-01
1.108600000047683665e-01
1.101000000047683697e-01
1.112199999999999994e-01
1.107800000047683697e-01
1.108000000095367421e-01
1.104000000047683783e-01
1.118400000095367414e-01
1.110399999999999998e-01
1.117600000143051109e-01
1.122200000190734931e-01
1.112800000000000039e-01
1.112600000095367442e-01
1.103600000023841898e-01
1.101200000095367421e-01
1.119600000000000040e-01
1.107400000095367376e-01
1.099799999999999944e-01
1.105399999904632530e-01
1.105600000071525618e-01
1.104799999999999949e-01
1.110200000143051202e-01
1.105800000047683779e-01
1.109600000095367495e-01
1.105199999999999932e-01
1.103399999999999936e-01
1.114200000000000051e-01
1.105200000023841833e-01
1.117400000023841822e-01
1.123600000143051142e-01
1.112600000023841879e-01
1.112399999809265128e-01
1.106400000023841923e-01
1.104200000000000043e-01
1.115000000095367483e-01
1.121600000071525521e-01
1.107199999952316327e-01
1.109200000000000047e-01
1.111800000047683673e-01
1.109999999952316352e-01
1.108800000095367388e-01
1.116999999999999937e-01
1.112400000095367381e-01
1.101600000047683742e-01
1.109600000023841793e-01
1.109400000023841870e-01
1.113000000071525525e-01
1.103799999952316258e-01
1.099000000095367441e-01
1.119200000047683718e-01
1.103599999999999998e-01
1.114600000023841797e-01
1.115800000047683649e-01
1.100800000011920993e-01
1.113400000095367409e-01
1.111999999999999933e-01
1.094200000000000034e-01
1.101800000047683664e-01
1.112800000047683702e-01
1.111800000000000010e-01
1.108600000000000002e-01
1.108799999976158163e-01
1.122400000143051191e-01
1.118400000143051215e-01
1.101200000023841857e-01
1.115600000023841826e-01
1.111800000000000010e-01
1.103800000047683721e-01
1.111600000238418540e-01
1.106400000023841923e-01
1.118800000071525635e-01
1.109800000011920973e-01
1.111200000047683767e-01
1.099600000047683684e-01
1.114799999999999958e-01
1.107200000095367454e-01
1.115199999999999941e-01
1.112599999976158077e-01
1.109600000047683693e-01
1.100200000023841829e-01
1.109200000047683710e-01
1.111400000095367491e-01
1.108200000071525582e-01
1.112600000023841879e-01
1.107200000095367454e-01
1.104599999952316225e-01
1.110600000071525623e-01
1.114800000190734885e-01
1.106799999952316343e-01
1.103200000071525577e-01
1.102800000000000030e-01
1.108200000000000018e-01
1.101800000000000002e-01
1.114200000047683714e-01
1.120200000095367410e-01
1.104800000095367413e-01
1.111200000047683767e-01
1.111999999976158171e-01
1.106199999999999961e-01
1.108600000047683665e-01
1.107000000286102320e-01
1.112400000071525619e-01
1.103200000023841915e-01
1.102800000000000030e-01
1.105200000023841833e-01
1.110000000095367478e-01
1.106000000047683701e-01
1.109000000095367450e-01
1.104600000047683689e-01
1.116999999999999937e-01
1.117000000047683739e-01
1.113800000047683730e-01
1.105400000023841894e-01
1.109399999976158208e-01
1.110399999999999998e-01
1.115000000071525582e-01
1.104400000047683766e-01
1.118400000095367414e-01
1.113200000047683685e-01
1.112999999999999962e-01
1.106200000190734889e-01
1.115400000143051129e-01
1.108799999976158163e-01
1.112000000023841834e-01
1.114200000095367377e-01
1.099800000023841845e-01
1.118400000023841850e-01
1.118200000000000027e-01
1.109800000047683755e-01
1.110799999999999982e-01
1.116799999952316352e-01
1.118000000071525529e-01
1.122600000047683649e-01
1.110599999976158159e-01
1.114200000023841813e-01
1.113600000047683669e-01
1.105400000190734922e-01
1.107000000047683730e-01
1.100200000095367392e-01
1.110800000095367446e-01
1.120400000095367471e-01
1.108200000047683681e-01
1.105800000095367441e-01
1.116400000023841793e-01
1.107400000071525614e-01
1.109399999999999969e-01
1.116400000095367495e-01
1.107400000047683714e-01
1.102199999999999985e-01
1.111800000000000010e-01
1.110599999952316258e-01
1.113200000047683685e-01
1.119200000000000056e-01
1.110000000023841915e-01
1.121200000023841875e-01
1.120199999952316283e-01
1.103600000011920879e-01
1.127800000238418643e-01
1.115400000095367467e-01
1.106600000047683746e-01
1.113800000023841830e-01
1.112800000238418630e-01
1.106800000023841907e-01
1.114400000095367438e-01
1.118200000000000027e-01
1.110000000095367478e-01
1.119000000095367459e-01
1.111399999952316225e-01
