1.010000000000000064e-01
1.113000000095367426e-01
1.124399999999999983e-01
1.120400000023841908e-01
1.125799999952316333e-01
1.140200000047683765e-01
1.132200000000000012e-01
1.149600000000000066e-01
1.137200000023841917e-01
1.141600000047683777e-01
1.148400000047683778e-01
1.152800000143051201e-01
1.160000000071525622e-01
1.139600000095367383e-01
1.140800000071525572e-01
1.167200000095367368e-01
1.145800000095367477e-01
1.156200000071525569e-01
1.156200000095367469e-01
1.149000000047683684e-01
1.162399999999999961e-01
1.159000000000000030e-01
1.170000000095367393e-01
1.161000000047683750e-01
1.152800000071525638e-01
1.171800000095367389e-01
1.162400000095367425e-01
1.162800000095367409e-01
1.169400000047683685e-01
1.167400000286102357e-01
1.178800000143051113e-01
1.170000000071525631e-01
1.177400000071525538e-01
1.174000000143051170e-01
1.173000000047683677e-01
1.177200000095367377e-01
1.179199999999999970e-01
1.171000000071525521e-01
1.171400000071525505e-01
1.165600000095367433e-01
1.167999999904632547e-01
1.167399999999999965e-01
1.164200000047683758e-01
1.173400000071525562e-01
1.172200000095367373e-01
1.176400000023841846e-01
1.176600000071525570e-01
1.173800000047683784e-01
1.172200000000000047e-01
1.169200000047683763e-01
1.181600000190734800e-01
1.173800000011920863e-01
1.183799999904632527e-01
1.176000000023841863e-01
1.187199999904632597e-01
1.196399999999999963e-01
1.182000000023841896e-01
1.177400000095367438e-01
1.181000000071525530e-01
1.192200000095367390e-01
1.188200000047683752e-01
1.183400000000000007e-01
1.178000000071525583e-01
1.171400000095367405e-01
1.192799999999999971e-01
1.176400000143051211e-01
1.184999999999999942e-01
1.192000000047683667e-01
1.189400000071525604e-01
1.184800000023841920e-01
1.184999999952316280e-01
1.181999999999999995e-01
1.182200000047683719e-01
1.183600000071525632e-01
1.185399999952316263e-01
1.187399999999999983e-01
1.185800000143051175e-01
1.190600000095367456e-01
1.190999999904632511e-01
1.189400000047683703e-01
1.202400000071525560e-01
1.188200000071525514e-01
1.189800000000000024e-01
1.186000000071525534e-01
1.188600000095367398e-01
1.185600000047683650e-01
1.188200000071525514e-01
1.180599999999999983e-01
1.184400000095367500e-01
1.189199999999999979e-01
1.191600000000000020e-01
1.198799999904632541e-01
1.175200000095367459e-01
1.179600000071525517e-01
1.187800000095367431e-01
1.186799999976158176e-01
1.184000000011920933e-01
1.192200000095367390e-01
1.199000000071525629e-01
1.187600000071525608e-01
1.195400000047683736e-01
1.192200000000000065e-01
1.187600000000000044e-01
1.195800000047683720e-01
1.193600000023841839e-01
1.188199999976158189e-01
1.185800000000000048e-01
1.197800000047683777e-01
1.196400000071525527e-01
1.192000000047683667e-01
1.195599999952316334e-01
1.190800000071525616e-01
1.185200000000000004e-01
1.201000000023841885e-01
1.186400000047683756e-01
1.191000000023841876e-01
1.203800000000000009e-01
1.189200000143051106e-01
1.185600000047683650e-01
1.189800000047683687e-01
1.193399999952316215e-01
1.189400000095367366e-01
1.194800000000000029e-01
1.192200000000000065e-01
1.179400000023841794e-01
1.194400000095367370e-01
1.202800000143051107e-01
1.204800000071525601e-01
1.194400000143051171e-01
1.203400000023841926e-01
1.191599999952316219e-01
1.199600000095367436e-01
1.200199999904632553e-01
1.190600000023841892e-01
1.195200000047683675e-01
1.187200000000000061e-01
1.200000000095367420e-01
1.203600000023841848e-01
1.198800000000000004e-01
1.209800000047683705e-01
1.190000000143051212e-01
1.202800000095367444e-01
1.201400000047683769e-01
1.195799999952316256e-01
1.190800000000000053e-01
1.189799999952316223e-01
1.189400000023841802e-01
1.203600000047683749e-01
1.200799999976158161e-01
1.199800000000000033e-01
1.203000000000000042e-01
1.194199999999999984e-01
1.207200000071525642e-01
1.191800000023841843e-01
1.196799999999999947e-01
1.202200000071525637e-01
1.199400000071525613e-01
1.195400000071525637e-01
1.197600000095367379e-01
1.200800000047683724e-01
1.202599999952316256e-01
1.196200000095367366e-01
1.205800000000000066e-01
1.200400000047683741e-01
1.206800000047683757e-01
1.203200000023841865e-01
1.201399999999999968e-01
1.200800000143051188e-01
1.200400000023841840e-01
1.192400000095367452e-01
1.202000000000000013e-01
1.197000000047683671e-01
1.195600000047683659e-01
1.188800000095367460e-01
1.192800000095367435e-01
1.200199999976158116e-01
1.193200000047683756e-01
1.206200000047683712e-01
1.198400000000000021e-01
1.194000000000000061e-01
1.197800000011920996e-01
1.197799999999999976e-01
1.198800000023841905e-01
1.194400000047683708e-01
1.196800000047683749e-01
1.207800000047683647e-01
1.208600000071525515e-01
1.190599999999999992e-01
1.207800000095367449e-01
1.213400000047683697e-01
1.201800000095367416e-01
1.207000000047683680e-01
1.201000000023841885e-01
1.193000000095367497e-01
1.199199999999999988e-01
1.201000000095367448e-01
1.198999999952316264e-01
1.198400000000000021e-01
1.204800000095367363e-01
1.204800000023841799e-01
1.211000000047683656e-01
1.201799999999999952e-01
1.200200000143051143e-01
1.214400000047683725e-01
1.194800000023841791e-01
1.204800000071525601e-01
1.210600000095367473e-01
1.208400000190734819e-01
1.197799999976158075e-01
1.203200000095367428e-01
1.206400000047683774e-01
1.204200000047683655e-01
1.201799999904632626e-01
1.200800000047683724e-01
1.205800000047683729e-01
1.198599999999999943e-01
1.203000000143051168e-01
1.188400000047683674e-01
1.206400000047683774e-01
1.206400000095367436e-01
1.203800000011920890e-01
1.197800000047683777e-01
1.207199999952316277e-01
1.207000000095367481e-01
1.207800000143051111e-01
1.211200000071525618e-01
1.204400000190734843e-01
1.191600000000000020e-01
1.203799999904632545e-01
1.200799999952316260e-01
1.195200000000000012e-01
1.212399999904632542e-01
1.197800000023841877e-01
1.195600000071525559e-01
1.205200000071525585e-01
1.193599999999999939e-01
1.194200000047683785e-01
1.191000000011920995e-01
1.200600000000000001e-01
1.208199999999999968e-01
1.202400000047683659e-01
1.200400000047683741e-01
1.202800000047683782e-01
1.209199999952316334e-01
1.188400000023841913e-01
1.208199999999999968e-01
1.218999999999999945e-01
1.205999999976158088e-01
1.207000000023841918e-01
1.214800000095367372e-01
1.212799999999999989e-01
1.204400000000000054e-01
1.207799999999999985e-01
1.209200000095367461e-01
1.213999999999999940e-01
1.194000000190734850e-01
1.197400000095367456e-01
1.206799999999999956e-01
1.208000000047683709e-01
1.207000000095367481e-01
1.202599999904632594e-01
1.194199999999999984e-01
1.203800000071525572e-01
1.215600000095367478e-01
1.194200000095367448e-01
1.194600000047683769e-01
1.221999999976158130e-01
1.212399999952316343e-01
1.207800000047683647e-01
1.204999999952316297e-01
1.202400000095367461e-01
1.194800000000000029e-01
1.208600000023841853e-01
1.202000000000000013e-01
1.210999999999999993e-01
1.208599999999999952e-01
1.208799999952316351e-01
1.201000000011920865e-01
1.210599999976158109e-01
1.199000000023841828e-01
1.205200000071525585e-01
1.214600000047683648e-01
1.197800000143051102e-01
1.212200000047683746e-01
1.208600000095367416e-01
1.202799999976158080e-01
1.208599999904632627e-01
1.210200000023841926e-01
1.210399999952316286e-01
1.205800000095367391e-01
1.210399999952316286e-01
1.203800000047683672e-01
1.193000000023841795e-01
1.219999999999999973e-01
1.207600000000000062e-01
1.217600000011920952e-01
1.209400000071525622e-01
1.202600000143051184e-01
1.205000000071525523e-01
1.207400000095367465e-01
1.199000000095367391e-01
1.204600000023841877e-01
1.205200000095367485e-01
1.205600000000000005e-01
1.204000000095367395e-01
1.207800000095367449e-01
1.210400000095367412e-01
1.207000000095367481e-01
1.205200000000000021e-01
1.200600000000000001e-01
1.216799999952316302e-01
1.201200000095367371e-01
1.203200000071525527e-01
1.211600000047683701e-01
1.210000000047683766e-01
1.207600000000000062e-01
1.218000000000000055e-01
1.208000000000000046e-01
1.210800000071525634e-01
1.208400000047683692e-01
1.199199999952316326e-01
1.203200000047683765e-01
1.206800000095367420e-01
1.208000000047683709e-01
1.202600000143051184e-01
1.198000000000000037e-01
1.205600000011920886e-01
1.209200000095367461e-01
1.201399999904632504e-01
1.210000000023841865e-01
1.199800000047683696e-01
1.211599999976158137e-01
1.215200000143051157e-01
1.201399999999999968e-01
1.208400000095367494e-01
1.208200000023841869e-01
1.212000000000000022e-01
1.208200000047683770e-01
1.198199999976158198e-01
1.205800000047683729e-01
1.213199999999999973e-01
1.206600000143051160e-01
1.210400000047683750e-01
1.203600000190734876e-01
1.202600000047683720e-01
1.224200000000000010e-01
1.201000000047683647e-01
1.206600000047683696e-01
1.208000000000000046e-01
1.200799999976158161e-01
1.209599999999999981e-01
1.214600000047683648e-01
1.204400000047683716e-01
1.209000000023841837e-01
1.199199999999999988e-01
1.214600000095367449e-01
1.204000000071525633e-01
1.205000000047683761e-01
1.214599999999999985e-01
1.199800000095367497e-01
1.199999999999999956e-01
1.210199999904632562e-01
1.211000000047683656e-01
1.212399999976158105e-01
1.216399999999999981e-01
1.216799999999999965e-01
1.208000000047683709e-01
1.212600000143051193e-01
1.218600000095367425e-01
1.210399999999999948e-01
1.208400000071525593e-01
1.209600000047683782e-01
1.203399999904632561e-01
1.207800000047683647e-01
1.200200000071525580e-01
1.209799999976158141e-01
1.216400000095367445e-01
1.205800000071525629e-01
1.206400000095367436e-01
1.207399999952316338e-01
1.219000000095367409e-01
1.209600000095367445e-01
1.205600000095367469e-01
1.215600000143051140e-01
1.203800000143051135e-01
1.205600000047683668e-01
1.198599999976158181e-01
1.208200000095367432e-01
1.218599999999999961e-01
1.201399999904632504e-01
1.211000000095367457e-01
1.209999999999999964e-01
1.212200000023841845e-01
1.226800000023841875e-01
1.208800000047683676e-01
1.202799999999999980e-01
1.209400000095367383e-01
1.212400000000000005e-01
1.216400000071525545e-01
1.196799999952316285e-01
1.200200000047683679e-01
1.203400000047683688e-01
1.209000000095367400e-01
1.214600000023841886e-01
1.210199999809265098e-01
1.206400000190734900e-01
1.216999999952316225e-01
1.204399999976158153e-01
1.215400000095367417e-01
1.217000000011920907e-01
1.201599999952316228e-01
1.212400000143051132e-01
1.208200000023841869e-01
1.204199999999999993e-01
1.213600000095367420e-01
1.218600000047683762e-01
1.213599999999999957e-01
1.205000000095367424e-01
1.221599999976158146e-01
1.217000000047683689e-01
1.213400000095367498e-01
1.217600000047683734e-01
1.211000000047683656e-01
1.217000000000000026e-01
1.206400000095367436e-01
1.213600000071525520e-01
1.212400000047683668e-01
1.209400000047683721e-01
1.218000000286102308e-01
1.213200000047683774e-01
1.211200000000000054e-01
1.215200000047683693e-01
1.208400000095367494e-01
1.207800000095367449e-01
1.206400000095367436e-01
1.208200000023841869e-01
1.210599999952316347e-01
1.209600000071525544e-01
1.205600000000000005e-01
1.209400000071525622e-01
1.219400000000000067e-01
1.217799999999999994e-01
1.206000000023841889e-01
1.214400000023841825e-01
1.202600000047683720e-01
1.202000000190734802e-01
1.220399999999999957e-01
1.208000000047683709e-01
1.199799999904632569e-01
1.215600000023841915e-01
1.206000000047683651e-01
1.218999999999999945e-01
1.212800000071525552e-01
1.198599999976158181e-01
1.221400000095367450e-01
1.215800000023841837e-01
1.215400000047683754e-01
1.201600000000000029e-01
1.215600000071525577e-01
1.208000000023841808e-01
1.203400000190734814e-01
1.209000000071525638e-01
1.218200000095367441e-01
1.216000000071525561e-01
1.205200000047683684e-01
1.201600000023841791e-01
1.221200000023841825e-01
1.210399999952316286e-01
1.208199999999999968e-01
1.227399999952316217e-01
1.214000000023841841e-01
1.204600000095367440e-01
1.204200000047683655e-01
1.212800000095367453e-01
1.206200000047683712e-01
1.208000000095367371e-01
1.220400000095367421e-01
1.211600000023841800e-01
1.215600000047683676e-01
1.205399999999999944e-01
1.205600000143051131e-01
1.199400000047683712e-01
1.205799999952316265e-01
1.212600000023841829e-01
1.209999999999999964e-01
1.213000000023841812e-01
1.219800000047683713e-01
1.210199999976158125e-01
1.204199999976158092e-01
1.210400000095367412e-01
1.217799999999999994e-01
1.214600000071525548e-01
1.200400000023841840e-01
1.204600000047683778e-01
1.223200000071525545e-01
1.206999999904632553e-01
1.204999999999999960e-01
1.213400000023841796e-01
1.209400000000000058e-01
1.212199999904632619e-01
