1.007200000023841802e-01
1.028400000071525572e-01
1.024800000095367480e-01
1.030399999952316265e-01
1.034600000011920984e-01
1.035400000095367395e-01
1.036600000000000021e-01
1.030999999999999972e-01
1.042600000000000054e-01
1.048400000000000026e-01
1.039400000011920927e-01
1.042999999952316237e-01
1.045200000095367482e-01
1.026200000071525592e-01
1.039600000047683770e-01
1.030200000143051131e-01
1.044600000095367437e-01
1.031800000011920959e-01
1.045400000023841841e-01
1.038200000095367420e-01
1.044000000047683729e-01
1.042800000047683778e-01
1.037000000095367469e-01
1.054400000047683722e-01
1.042599999976158154e-01
1.038400000095367481e-01
1.047800000047683783e-01
1.036599999952316220e-01
1.047400000023841898e-01
1.039800000000000030e-01
1.048600000047683750e-01
1.038599999999999940e-01
1.039400000095367371e-01
1.042800000023841878e-01
1.041200000143051169e-01
1.049600000238418568e-01
1.051600000000000035e-01
1.036000000023841877e-01
1.043599999999999944e-01
1.049800000023841801e-01
1.040399999999999936e-01
1.039400000000000046e-01
1.043400000047683684e-01
1.047199999999999936e-01
1.047600000000000059e-01
1.042200000095367396e-01
1.047399999976158097e-01
1.051400000023841874e-01
1.043600000047683746e-01
1.048800000095367474e-01
1.043400000071525585e-01
1.046400000095367433e-01
1.042200000023841833e-01
1.048400000047683689e-01
1.047999999952316241e-01
1.049800000000000039e-01
1.045600000000000002e-01
1.042400000047683656e-01
1.042000000071525573e-01
1.050400000095367409e-01
1.047800000143051108e-01
1.040399999904632611e-01
1.046600000143051157e-01
1.050000000023841862e-01
1.046799999952316290e-01
1.048200000023841866e-01
1.050200000047683685e-01
1.044199999999999989e-01
1.046000000023841886e-01
1.054600000047683783e-01
1.039000000000000062e-01
1.046000000095367449e-01
1.053600000143051080e-01
1.049199999952316331e-01
1.048599999999999949e-01
1.040399999999999936e-01
1.032800000047683769e-01
1.044200000023841890e-01
1.047600000047683722e-01
1.056200000023841817e-01
1.049000000190734860e-01
1.055800000047683734e-01
1.041200000143051169e-01
1.049000000047683734e-01
1.048200000095367429e-01
1.056799999999999962e-01
1.043400000095367486e-01
1.042600000023841816e-01
1.058800000143051145e-01
1.049600000071525541e-01
1.058200000071525537e-01
1.044199999999999989e-01
1.048600000023841849e-01
1.052199999999999941e-01
1.057000000095367487e-01
1.042600000047683717e-01
1.049600000047683779e-01
1.047600000000000059e-01
1.044400000000000051e-01
1.051000000047683652e-01
1.047800000047683783e-01
1.049200000023841894e-01
1.041200000143051169e-01
1.047800000095367445e-01
1.044999999999999957e-01
1.049200000047683656e-01
1.050800000000000067e-01
1.056000000005960504e-01
1.059000000047683743e-01
1.041800000095367412e-01
1.057400000047683669e-01
1.056600000000000039e-01
1.057600000047683730e-01
1.048599999999999949e-01
1.051200000095367376e-01
1.046400000023841870e-01
1.049400000095367380e-01
1.047200000011920956e-01
1.045000000023841857e-01
1.053600000023841854e-01
1.044599999999999973e-01
1.049999999952316299e-01
1.054199999952316336e-01
1.042600000286102307e-01
1.053600000047683755e-01
1.061200000011920941e-01
1.049599999999999977e-01
1.046200000000000047e-01
1.049600000047683779e-01
1.054599999999999982e-01
1.049999999952316299e-01
1.054199999999999998e-01
1.058000000143051178e-01
1.044000000000000067e-01
1.047199999999999936e-01
1.040600000023841898e-01
1.053600000095367417e-01
1.049400000047683718e-01
1.054000000071525639e-01
1.051399999999999973e-01
1.044800000071525597e-01
1.052800000095367450e-01
1.054599999999999982e-01
1.051000000047683652e-01
1.050200000023841923e-01
1.049600000023841878e-01
1.057400000023841907e-01
1.056799999999999962e-01
1.056799999999999962e-01
1.048799999904632546e-01
1.060000000047683771e-01
1.051600000143051161e-01
1.050600000000000006e-01
1.060800000095367401e-01
1.044000000143051193e-01
1.047000000000000014e-01
1.053599999976158191e-01
1.047799999999999981e-01
1.049600000095367441e-01
1.042000000095367473e-01
1.058600000011920977e-01
1.053400000095367495e-01
1.044200000047683652e-01
1.052000000023841919e-01
1.047799999999999981e-01
1.057000000047683685e-01
1.055999999904632530e-01
1.062200000095367414e-01
1.061200000000000060e-01
1.041600000047683688e-01
1.056399999976158077e-01
1.064400000071525632e-01
1.047799999999999981e-01
1.055200000023841789e-01
1.059000000023841842e-01
1.058800000047683681e-01
1.057799999952316328e-01
1.056799999999999962e-01
1.039800000023841792e-01
1.051800000047683759e-01
1.043800000071525569e-01
1.053800000095367478e-01
1.057200000071525509e-01
1.053000000047683710e-01
1.052600000011920944e-01
1.053000000000000047e-01
1.058599999999999958e-01
1.056200000190734845e-01
1.056800000047683763e-01
1.070400000047683764e-01
1.048400000047683689e-01
1.055800000143051198e-01
1.053000000047683710e-01
1.048800000047683673e-01
1.054600000143051108e-01
1.059200000023841903e-01
1.048000000047683705e-01
1.049799999952316237e-01
1.052000000095367482e-01
1.054000000071525639e-01
1.050600000000000006e-01
1.063200000143051105e-01
1.058599999999999958e-01
1.059800000000000048e-01
1.055400000047683751e-01
1.056800000047683763e-01
1.050200000023841923e-01
1.052800000071525549e-01
1.052199999952316278e-01
1.054999999976158204e-01
1.068400000047683707e-01
1.050000000071525524e-01
1.050600000047683669e-01
1.061000000095367463e-01
1.050999999976158089e-01
1.052199999904632616e-01
1.066600000011920929e-01
1.053200000023841870e-01
1.055399999999999949e-01
1.047600000095367384e-01
1.056800000023841862e-01
1.062400000095367475e-01
1.060399999999999954e-01
1.058200000047683775e-01
1.060400000071525517e-01
1.055200000143051153e-01
1.053400000143051157e-01
1.055800000095367397e-01
1.062600000047683735e-01
1.060999999952316336e-01
1.054200000023841899e-01
1.052000000047683681e-01
1.055600000000000011e-01
1.044400000047683713e-01
1.056000000071525557e-01
1.062599999999999933e-01
1.056199999952316254e-01
1.050999999999999990e-01
1.055799999999999933e-01
1.065800000095367406e-01
1.049600000095367441e-01
1.059800000047683710e-01
1.054800000023841805e-01
1.060200000047683694e-01
1.045800000000000063e-01
1.056799999999999962e-01
1.056600000047683702e-01
1.053000000000000047e-01
1.054999999999999966e-01
1.063400000095367365e-01
1.056000000047683657e-01
1.055800000095367397e-01
1.051000000095367454e-01
1.046200000095367372e-01
1.055600000023841911e-01
1.064400000095367393e-01
1.054400000023841821e-01
1.058200000071525537e-01
1.053199999999999970e-01
1.060400000095367418e-01
1.046000000047683648e-01
1.048200000071525528e-01
1.048800000000000010e-01
1.053800000000000014e-01
1.051000000071525553e-01
1.052400000023841903e-01
1.060800000095367401e-01
1.051200000000000051e-01
1.056800000095367426e-01
1.053999999952316274e-01
1.060200000095367495e-01
1.053199999976158208e-01
1.049400000071525618e-01
1.050400000095367409e-01
1.051199999904632587e-01
1.046200000095367372e-01
1.056399999999999978e-01
1.062800000095367459e-01
1.048200000011920985e-01
1.061600000000000044e-01
1.065200000095367500e-01
1.064200000047683670e-01
1.049400000011920936e-01
1.044200000023841890e-01
1.055000000023841866e-01
1.056600000000000039e-01
1.065800000047683743e-01
1.064600000047683653e-01
1.053000000023841809e-01
1.061200000047683722e-01
1.060200000005960402e-01
1.051000000023841890e-01
1.059400000023841826e-01
1.060399999999999954e-01
1.047799999999999981e-01
1.053999999999999937e-01
1.059200000095367467e-01
1.055799999999999933e-01
1.065600000000000019e-01
1.060999999999999999e-01
1.059599999999999986e-01
1.058599999999999958e-01
1.062400000000000011e-01
1.055600000000000011e-01
1.048200000071525528e-01
1.058000000023841813e-01
1.048800000023841911e-01
1.059000000143051207e-01
1.062400000000000011e-01
1.064800000047683715e-01
1.050000000095367425e-01
1.061399999976158082e-01
1.056600000095367364e-01
1.049800000095367364e-01
1.059599999999999986e-01
1.049800000023841801e-01
1.057800000095367454e-01
1.056000000143051121e-01
1.048600000095367413e-01
1.060800000071525639e-01
1.054000000095367401e-01
1.057000000011920904e-01
1.057200000023841846e-01
1.061000000071525562e-01
1.063999999999999946e-01
1.061200000023841822e-01
1.057400000095367470e-01
1.060000000023841871e-01
1.045399999976158179e-01
1.061800000047683767e-01
1.050400000047683746e-01
1.058600000023841858e-01
1.064800000095367377e-01
1.055200000047683689e-01
1.050400000047683746e-01
1.059400000023841826e-01
1.055400000071525513e-01
1.055199999952316225e-01
1.057800000095367454e-01
1.048400000095367490e-01
1.060799999976158176e-01
1.064000000023841846e-01
1.062000000011920908e-01
1.059999999976158208e-01
1.057399999976158106e-01
1.061999999976158127e-01
1.057400000095367470e-01
1.050000000071525524e-01
1.057000000023841924e-01
1.057400000143051133e-01
1.054600000023841883e-01
1.057000000000000023e-01
1.065200000023841798e-01
1.060799999952316275e-01
1.059200000143051129e-01
1.054000000071525639e-01
1.059400000143051190e-01
1.053000000095367372e-01
1.053800000095367478e-01
1.060200000047683694e-01
1.052600000071525627e-01
1.061399999999999982e-01
1.063800000023841924e-01
1.060800000190734865e-01
1.056800000095367426e-01
1.061400000095367446e-01
1.061400000071525546e-01
1.067199999999999954e-01
1.052800000095367450e-01
1.060600000071525578e-01
1.062400000047683674e-01
1.052000000000000018e-01
1.056400000023841879e-01
1.057200000023841846e-01
1.057800000023841891e-01
1.053000000071525610e-01
1.055199999952316225e-01
1.069000000095367414e-01
1.052400000047683665e-01
1.053599999976158191e-01
1.055799999999999933e-01
1.062400000023841912e-01
1.051799999999999957e-01
1.057400000071525570e-01
1.053000000071525610e-01
1.068200000095367447e-01
1.060400000047683755e-01
1.060199999976158131e-01
1.052200000002980196e-01
1.057200000095367409e-01
1.056200000000000055e-01
1.057600000071525631e-01
1.063400000047683702e-01
1.061200000000000060e-01
1.052200000071525643e-01
1.054000000143051202e-01
1.059000000095367405e-01
1.061599999976158143e-01
1.064400000000000068e-01
1.056400000047683779e-01
1.056799999999999962e-01
1.057000000000000023e-01
1.063000000071525619e-01
1.053200000011920989e-01
1.065000000047683776e-01
1.048000000023841805e-01
1.055799999976158171e-01
1.062000000000000027e-01
1.048000000143051169e-01
1.064599999999999991e-01
1.057800000095367454e-01
1.058000000047683714e-01
1.061400000047683784e-01
1.055400000047683751e-01
1.061000000023841899e-01
1.061600000047683706e-01
1.055400000047683751e-01
1.066399999999999987e-01
1.053000000047683710e-01
1.054400000047683722e-01
1.061400000143051109e-01
1.059000000071525505e-01
1.054800000095367368e-01
1.053800000047683677e-01
1.052600000143051190e-01
1.072600000023841843e-01
1.056400000023841879e-01
1.046800000023841853e-01
1.051200000000000051e-01
1.053000000095367372e-01
1.060399999976158192e-01
1.059400000190734853e-01
1.066200000143051191e-01
1.060400000023841854e-01
1.058000000023841813e-01
1.051399999999999973e-01
1.057600000095367393e-01
1.056800000047683763e-01
1.058600000023841858e-01
1.060400000071525517e-01
1.063799999904632559e-01
1.052800000095367450e-01
1.056799999999999962e-01
1.055600000023841911e-01
1.068000000095367386e-01
1.050800000047683730e-01
1.056799999976158200e-01
1.056600000023841801e-01
1.064199999952316344e-01
1.056600000000000039e-01
1.054600000095367446e-01
1.059400000047683726e-01
1.052199999999999941e-01
1.060799999976158176e-01
1.058800000023841920e-01
1.063200000071525542e-01
1.067600000071525640e-01
1.051600000047683697e-01
1.063800000095367487e-01
1.049600000047683779e-01
1.056600000047683702e-01
1.053400000000000031e-01
1.049000000023841833e-01
1.057800000143051117e-01
1.056800000023841862e-01
1.065000000023841875e-01
1.056400000190734906e-01
1.058600000047683759e-01
1.058600000095367422e-01
1.053400000071525594e-01
1.061000000143051125e-01
1.055800000095367397e-01
1.056400000095367442e-01
1.064000000047683747e-01
1.068400000000000044e-01
1.051200000190734840e-01
1.063800000000000023e-01
1.056400000143051104e-01
1.050999999976158089e-01
1.056200000047683718e-01
1.062800000071525558e-01
1.057400000047683669e-01
1.056200000000000055e-01
1.059199999976158102e-01
1.052600000047683726e-01
1.065799999999999942e-01
1.062000000047683690e-01
1.052000000023841919e-01
1.062600000071525636e-01
1.057199999952316283e-01
1.053399999952316229e-01
1.054800000095367368e-01
1.057200000095367409e-01
1.064000000047683747e-01
1.057600000095367393e-01
1.069800000047683719e-01
1.052400000143051129e-01
1.062000000190734816e-01
1.061200000047683722e-01
1.067000000047683694e-01
